98,8959,1,12,2,2,1,0,0,1,0,2,1,0,1,0,0,0,0
207,8959,-1,14,5,1,1,0,0,2,2,1,1,0,1,0,0,0,0
431,8959,1,15,3,0,2,1,1,1,0,5,0,1,0,1,0,0,0
461,8959,-1,0,0,0,0,0,0,0,0,0,0,0,0,0,0,0,0
626,8959,1,6,0,0,0,0,0,0,0,0,1,1,0,3,0,0,0
650,8959,1,6,1,0,0,0,0,0,0,0,2,1,0,0,0,2,0
860,8959,1,14,3,0,0,0,0,3,0,1,6,1,0,0,0,0,0
1006,8959,1,7,1,1,0,0,0,2,0,0,2,1,0,0,0,0,0
1182,8959,1,9,3,1,1,0,1,0,0,2,1,0,0,0,0,0,0
1995,8959,-1,24,2,0,7,2,0,1,0,8,2,0,0,0,0,2,0
2123,8959,-1,9,4,0,0,0,1,1,0,3,0,0,0,0,0,0,0
2437,8959,1,8,1,1,0,0,2,0,1,0,3,0,0,0,0,0,0
2482,8959,1,5,0,0,0,0,1,0,0,0,1,1,0,0,2,0,0
3236,8959,-1,19,9,3,0,0,1,3,0,3,0,0,0,0,0,0,0
3378,8959,1,3,1,1,0,0,0,0,0,0,0,0,0,1,0,0,0
3618,8959,1,3,1,1,0,0,0,0,0,0,1,0,0,0,0,0,0
3697,8959,1,22,2,0,0,0,2,1,0,1,3,2,3,5,0,0,2
3759,8959,-1,7,0,0,4,0,0,0,0,1,1,1,0,0,0,0,0
4115,8959,1,10,3,2,0,0,0,1,0,0,1,2,0,1,0,0,0
4145,8959,-1,8,0,0,1,0,0,1,0,5,1,0,0,0,0,0,0
4154,8959,-1,23,5,0,4,1,0,0,1,11,1,0,0,0,0,0,0
4365,8959,1,8,0,0,0,0,0,0,0,0,4,1,0,0,0,3,0
4766,8959,1,1,1,0,0,0,0,0,0,0,0,0,0,0,0,0,0
4912,8959,-1,1,0,0,1,0,0,0,0,0,0,0,0,0,0,0,0
4982,8959,-1,6,1,0,1,0,0,0,0,3,0,0,0,0,0,1,0
4991,8959,1,4,1,0,2,0,0,0,0,0,0,1,0,0,0,0,0
5327,8959,1,8,1,0,0,0,1,1,0,0,0,0,3,2,0,0,0
5570,8959,-1,16,0,0,3,0,0,0,1,2,2,1,3,4,0,0,0
5766,8959,1,11,2,0,0,0,0,2,0,5,2,0,0,0,0,0,0
5847,8959,1,29,1,0,3,1,0,0,0,8,8,1,1,3,1,2,0
5893,8959,1,8,4,0,0,0,0,3,0,0,0,1,0,0,0,0,0
5940,8959,1,0,0,0,0,0,0,0,0,0,0,0,0,0,0,0,0
6069,8959,1,5,0,0,0,0,0,1,0,1,2,0,0,1,0,0,0
6108,8959,1,2,1,0,0,0,0,1,0,0,0,0,0,0,0,0,0
6129,8959,1,16,4,0,0,0,1,3,0,7,0,0,0,1,0,0,0
6135,8959,1,15,3,0,1,0,0,0,1,3,1,2,3,0,0,1,0
6352,8959,-1,1,0,0,0,0,0,0,0,0,0,1,0,0,0,0,0
6389,8959,1,7,1,0,0,0,0,0,0,0,2,2,0,1,0,1,0
6411,8959,1,1,1,0,0,0,0,0,0,0,0,0,0,0,0,0,0
6472,8959,1,11,2,1,0,0,0,1,0,0,5,1,0,0,0,1,0
6647,8959,1,0,0,0,0,0,0,0,0,0,0,0,0,0,0,0,0
6699,8959,1,15,0,1,4,1,1,0,0,6,0,2,0,0,0,0,0
6735,8959,1,7,1,1,0,0,0,2,0,0,0,0,1,1,0,1,0
6739,8959,1,9,2,1,1,1,1,3,0,0,0,0,0,0,0,0,0
6772,8959,1,8,1,0,0,0,0,0,0,0,2,0,1,2,1,0,0
6882,8959,1,4,0,0,0,0,0,0,0,0,2,0,0,1,0,1,0
7121,8959,1,5,0,0,0,0,0,0,0,0,4,1,0,0,0,0,0
7145,8959,1,3,0,0,0,0,0,0,0,1,1,1,0,0,0,0,0
7427,8959,1,1,0,0,1,0,0,0,0,0,0,0,0,0,0,0,0
7737,8959,-1,4,0,0,2,0,0,1,0,1,0,0,0,0,0,0,0
7972,8959,1,0,0,0,0,0,0,0,0,0,0,0,0,0,0,0,0
8013,8959,1,4,1,0,0,0,0,0,0,0,1,1,0,0,0,1,0
8023,8959,1,2,1,0,0,0,0,1,0,0,0,0,0,0,0,0,0
8029,8959,1,11,6,0,0,0,1,3,0,1,0,0,0,0,0,0,0
8030,8959,1,3,0,0,0,0,0,0,0,0,2,1,0,0,0,0,0
8071,8959,-1,10,1,0,0,0,0,0,0,1,1,0,3,2,0,0,0
8074,8959,-1,4,0,0,0,0,0,1,0,0,0,2,0,0,0,1,0
8183,8959,1,3,2,0,0,0,0,1,0,0,0,0,0,0,0,0,0
8195,8959,1,1,1,0,0,0,0,0,0,0,0,0,0,0,0,0,0
8205,8959,1,0,0,0,0,0,0,0,0,0,0,0,0,0,0,0,0
8213,8959,1,1,1,0,0,0,0,0,0,0,0,0,0,0,0,0,0
8243,8959,1,1,0,0,0,0,1,0,0,0,0,0,0,0,0,0,0
8254,8959,-1,19,2,0,2,0,0,1,2,6,3,0,2,1,0,0,0
8324,8959,1,4,1,0,0,1,0,0,0,2,0,0,0,0,0,0,0
8331,8959,1,0,0,0,0,0,0,0,0,0,0,0,0,0,0,0,0
8354,8959,1,5,3,0,0,0,0,1,0,0,1,0,0,0,0,0,0
8499,8959,-1,0,0,0,0,0,0,0,0,0,0,0,0,0,0,0,0
8658,8959,-1,1,0,0,0,0,0,0,0,1,0,0,0,0,0,0,0
8704,8959,-1,3,0,0,2,0,0,0,0,1,0,0,0,0,0,0,0
8818,8959,1,6,0,0,0,0,0,0,0,0,3,2,1,0,0,0,0
8959,8193,-1,14,2,0,1,0,0,0,1,0,1,5,0,4,0,0,0
8959,4106,-1,6,0,1,0,0,0,0,0,0,1,1,0,3,0,0,0
8959,8002,-1,22,0,1,0,0,0,1,2,2,3,0,1,4,4,1,3
8959,1645,1,10,0,0,0,1,1,0,1,0,0,1,0,3,2,1,0
8959,5401,-1,10,0,0,0,0,1,0,3,1,1,0,1,1,1,0,1
8959,7324,1,11,0,0,0,1,0,0,2,0,4,0,0,2,2,0,0
8959,7457,-1,19,1,0,1,0,0,0,1,0,3,6,2,1,3,0,0
8959,1063,-1,18,0,0,2,1,0,0,1,0,2,3,0,4,4,0,0
8959,10792,-1,0,0,0,0,0,0,0,0,0,0,0,0,0,0,0,0
8959,7068,1,6,0,0,0,0,0,0,2,0,2,0,0,0,1,1,0
8959,5570,-1,16,0,0,0,0,0,1,0,2,2,3,1,4,0,3,0
8959,5829,-1,18,0,0,1,0,0,0,1,0,4,4,2,3,3,0,0
8959,8912,-1,2,0,0,0,1,0,0,1,0,0,0,0,0,0,0,0
8959,5853,-1,20,0,0,1,0,0,0,2,0,5,5,1,3,3,0,0
8959,4446,1,5,1,0,0,0,0,0,0,0,2,1,1,0,0,0,0
8959,10720,-1,3,0,0,0,0,0,0,0,0,0,1,0,2,0,0,0
8959,8036,-1,7,0,0,0,0,0,0,0,0,2,2,1,2,0,0,0
8959,9959,-1,7,0,1,0,0,0,0,0,0,1,1,0,4,0,0,0
8959,8041,-1,12,1,0,2,0,0,0,0,0,2,2,1,3,0,1,0
8959,8045,-1,10,0,0,0,1,0,0,0,0,1,4,0,3,0,1,0
8959,9071,-1,4,0,1,1,0,0,0,0,0,0,1,0,1,0,0,0
8959,10280,-1,8,1,0,0,1,0,0,0,0,1,3,1,1,0,0,0
8959,10740,-1,5,0,0,0,0,0,0,0,0,1,1,0,3,0,0,0
8959,6910,1,2,0,0,0,0,0,0,0,0,1,0,1,0,0,0,0
8959,6911,1,8,0,0,1,0,0,0,0,4,3,0,0,0,0,0,0
8978,8959,1,1,0,0,0,0,0,1,0,0,0,0,0,0,0,0,0
9187,8959,-1,0,0,0,0,0,0,0,0,0,0,0,0,0,0,0,0
10033,8959,1,4,1,0,0,0,0,0,0,0,1,0,0,2,0,0,0
10066,8959,1,2,1,0,0,1,0,0,0,0,0,0,0,0,0,0,0
10075,8959,-1,3,0,0,1,0,0,0,0,1,1,0,0,0,0,0,0
10116,8959,1,0,0,0,0,0,0,0,0,0,0,0,0,0,0,0,0
10319,8959,-1,0,0,0,0,0,0,0,0,0,0,0,0,0,0,0,0
10327,8959,1,1,0,0,0,1,0,0,0,0,0,0,0,0,0,0,0
6,98,-1,9,0,0,0,0,0,0,1,0,0,2,0,4,1,0,1
6,707,1,8,0,0,0,0,0,0,0,0,2,0,3,3,0,0,0
6,101,1,4,0,0,0,1,1,0,0,0,1,0,1,0,0,0,0
6,832,-1,7,0,0,0,0,0,1,0,0,1,1,0,4,0,0,0
6,9,1,6,0,0,0,0,2,0,0,0,2,0,1,1,0,0,0
6,110,-1,11,0,0,1,0,0,0,0,0,0,2,1,6,0,0,1
6,240,1,10,0,0,0,0,1,0,0,0,1,0,0,6,2,0,0
6,400,1,6,2,0,0,0,0,0,0,0,1,0,2,1,0,0,0
6,631,1,3,0,0,0,0,0,0,0,0,1,0,1,1,0,0,0
6,120,-1,5,0,0,0,0,0,1,0,0,0,1,0,3,0,0,0
6,576,1,15,1,0,0,1,0,0,0,0,3,0,2,6,0,1,1
6,506,1,7,3,0,0,0,0,0,0,0,2,0,2,0,0,0,0
8,110,1,0,0,0,0,0,0,0,0,0,0,0,0,0,0,0,0
8,2038,-1,0,0,0,0,0,0,0,0,0,0,0,0,0,0,0,0
8,783,-1,0,0,0,0,0,0,0,0,0,0,0,0,0,0,0,0
9,400,1,3,0,0,0,0,0,0,0,0,3,0,0,0,0,0,0
9,506,1,6,0,0,0,0,0,0,0,0,5,0,1,0,0,0,0
9,2,1,6,0,0,0,0,0,0,0,0,4,0,0,2,0,0,0
9,783,-1,4,0,0,0,0,0,0,0,0,0,4,0,0,0,0,0
10,576,-1,14,0,1,0,2,0,0,0,1,1,3,2,3,0,0,1
10,581,1,5,0,0,0,1,0,1,0,1,0,0,2,0,0,0,0
10,328,1,11,0,2,0,0,2,0,1,1,0,1,1,3,0,0,0
10,204,1,7,1,0,1,0,1,0,0,1,1,0,0,0,1,1,0
10,1998,-1,3,0,1,0,1,0,0,0,0,0,0,0,1,0,0,0
10,221,1,17,0,0,0,0,1,2,3,2,1,1,0,4,2,0,1
10,734,-1,8,0,0,0,0,0,0,0,1,2,0,2,3,0,0,0
10,354,1,4,0,0,1,0,1,0,1,0,0,0,1,0,0,0,0
10,1508,-1,8,0,0,0,0,0,0,1,2,0,0,2,3,0,0,0
10,362,1,12,0,0,1,1,0,1,0,1,0,1,2,4,0,0,1
10,1132,-1,9,1,0,1,1,0,0,1,0,0,0,1,4,0,0,0
10,237,-1,17,1,1,1,0,0,1,0,3,1,1,5,2,0,0,1
10,240,1,17,0,0,0,0,2,0,0,1,3,1,4,4,1,0,1
10,631,1,15,3,0,0,2,0,0,0,0,3,1,3,3,0,0,0
10,1151,1,8,0,0,0,1,0,0,1,0,0,1,3,2,0,0,0
11,2,1,2,1,0,1,0,0,0,0,0,0,0,0,0,0,0,0
11,4,1,6,1,0,2,0,1,0,0,1,1,0,0,0,0,0,0
11,98,-1,8,0,1,0,0,4,0,1,0,0,2,0,0,0,0,0
11,6,1,6,1,0,0,1,1,0,0,3,0,0,0,0,0,0,0
11,12,1,8,0,0,2,0,2,0,1,2,1,0,0,0,0,0,0
11,529,1,4,1,0,1,0,2,0,0,0,0,0,0,0,0,0,0
11,323,-1,2,0,1,1,0,0,0,0,0,0,0,0,0,0,0,0
11,7074,-1,1,0,0,0,0,0,0,0,0,1,0,0,0,0,0,0
11,807,1,6,2,0,2,0,0,0,1,0,1,0,0,0,0,0,0
11,46,-1,7,0,0,0,0,2,1,3,1,0,0,0,0,0,0,0
11,1330,-1,2,0,0,0,1,0,0,0,0,0,1,0,0,0,0,0
11,692,-1,5,0,0,0,0,1,0,1,0,1,2,0,0,0,0,0
11,318,-1,5,0,1,2,0,1,0,0,1,0,0,0,0,0,0,0
11,963,-1,1,0,0,1,0,0,0,0,0,0,0,0,0,0,0,0
11,275,-1,5,0,1,0,0,0,0,2,0,1,1,0,0,0,0,0
11,329,1,4,1,0,1,0,0,0,0,1,1,0,0,0,0,0,0
11,77,1,8,1,0,0,0,5,0,2,0,0,0,0,0,0,0,0
11,1230,-1,0,0,0,0,0,0,0,0,0,0,0,0,0,0,0,0
11,859,-1,3,0,0,0,1,0,0,0,0,0,1,0,0,1,0,0
11,734,-1,4,2,0,0,0,1,0,0,1,0,0,0,0,0,0,0
11,96,-1,2,0,1,1,0,0,0,0,0,0,0,0,0,0,0,0
11,1122,-1,4,2,0,1,0,0,0,0,0,1,0,0,0,0,0,0
11,1007,1,4,2,0,1,0,0,0,0,0,1,0,0,0,0,0,0
11,499,-1,0,0,0,0,0,0,0,0,0,0,0,0,0,0,0,0
11,120,-1,6,0,2,0,0,1,0,0,0,0,3,0,0,0,0,0
11,506,1,3,1,0,0,0,0,0,0,0,2,0,0,0,0,0,0
12,192,1,9,1,0,0,0,1,1,0,1,1,1,1,0,2,0,0
12,1027,1,15,1,0,0,1,0,2,0,2,0,2,2,2,1,1,0
12,581,1,7,0,0,0,1,0,0,0,0,4,0,2,0,0,0,0
12,3056,1,3,1,0,0,0,0,1,0,0,0,0,1,0,0,0,0
12,4870,1,0,0,0,0,0,0,0,0,0,0,0,0,0,0,0,0
12,1663,1,12,1,1,0,0,0,0,0,1,5,0,2,2,0,0,0
12,3082,1,0,0,0,0,0,0,0,0,0,0,0,0,0,0,0,0
12,527,1,6,0,0,0,0,0,0,0,0,1,0,2,2,0,1,0
12,400,-1,13,3,0,0,1,0,0,0,0,4,0,3,2,0,0,0
12,2328,1,6,0,2,1,0,0,0,0,0,0,2,0,1,0,0,0
12,275,-1,13,0,4,0,0,1,0,1,0,1,2,0,3,1,0,0
12,90,1,2,0,0,0,0,0,0,0,0,0,0,1,1,0,0,0
12,3246,-1,3,1,0,0,0,0,0,0,0,1,0,1,0,0,0,0
12,280,-1,21,1,1,1,0,2,2,0,0,2,3,0,9,0,0,0
12,537,1,12,2,2,1,0,1,0,0,1,4,0,0,1,0,0,0
12,2459,1,5,0,0,0,0,0,1,1,0,0,1,1,0,1,0,0
12,2333,-1,8,0,1,0,0,1,0,0,0,0,3,0,3,0,0,0
12,6917,1,1,1,0,0,0,0,0,0,0,0,0,0,0,0,0,0
12,288,1,11,0,2,1,0,0,1,1,0,2,0,0,4,0,0,0
12,2465,-1,0,0,0,0,0,0,0,0,0,0,0,0,0,0,0,0
12,930,1,13,3,0,0,2,0,0,0,0,2,1,0,5,0,0,0
12,36,-1,11,0,3,0,1,0,0,0,0,0,3,0,4,0,0,0
12,1122,1,15,2,3,0,2,0,0,0,0,4,3,0,1,0,0,0
12,294,-1,13,0,0,0,0,0,1,0,1,3,1,2,4,1,0,0
12,1703,-1,2,0,0,0,0,0,0,0,0,1,0,1,0,0,0,0
12,168,1,8,0,0,0,0,3,0,2,0,3,0,0,0,0,0,0
12,2346,1,3,1,0,1,0,0,0,0,0,1,0,0,0,0,0,0
12,7982,-1,0,0,0,0,0,0,0,0,0,0,0,0,0,0,0,0
12,157,1,10,2,1,0,0,1,1,0,0,0,1,1,3,0,0,0
12,1458,1,11,2,0,2,0,0,0,0,0,4,0,2,1,0,0,0
12,3315,1,7,0,2,0,0,0,1,0,1,0,0,0,3,0,0,0
12,4690,1,2,0,1,0,0,0,0,0,0,0,1,0,0,0,0,0
12,1206,-1,11,0,3,0,0,0,0,0,0,1,1,0,6,0,0,0
12,1591,1,2,0,0,0,0,0,0,0,0,1,0,1,0,0,0,0
12,3256,-1,2,0,0,0,0,1,1,0,0,0,0,0,0,0,0,0
12,187,1,21,1,1,0,1,5,0,0,0,1,2,1,6,1,0,2
12,61,1,29,0,0,0,0,8,4,1,9,2,0,1,0,1,1,1
12,318,-1,15,2,1,0,0,2,0,0,0,2,2,0,4,2,0,0
12,448,-1,17,2,0,0,0,3,2,0,0,2,0,1,4,1,0,1
12,416,1,14,1,1,2,0,0,2,1,0,4,1,0,2,0,0,0
12,1218,1,10,1,1,0,0,0,0,0,1,1,0,2,3,0,1,0
12,147,1,13,3,0,1,0,3,1,0,1,4,0,0,0,0,0,0
12,69,-1,9,0,0,0,0,1,4,1,1,0,0,1,0,0,0,0
12,2760,-1,0,0,0,0,0,0,0,0,0,0,0,0,0,0,0,0
12,329,1,14,1,0,1,0,2,0,0,0,5,0,4,1,0,0,0
12,588,1,6,1,0,0,0,4,0,0,0,0,0,0,0,0,1,0
12,77,1,9,0,0,0,0,2,0,1,0,3,0,3,0,0,0,0
12,1874,1,7,2,0,0,0,0,0,0,0,1,1,2,1,0,0,0
12,5584,-1,2,0,0,0,1,0,0,0,0,0,0,0,0,0,1,0
12,568,1,11,2,0,0,0,1,1,0,2,3,0,1,0,0,0,0
12,466,1,10,2,0,1,0,0,0,0,0,3,0,1,3,0,0,0
12,1619,1,13,2,0,0,0,1,0,1,1,3,1,3,1,0,0,0
12,213,1,15,2,1,0,3,0,0,0,0,3,1,3,2,0,0,0
12,917,1,8,1,0,1,0,0,1,0,1,3,0,0,0,0,1,0
12,1496,-1,3,0,1,0,0,0,0,0,0,0,0,0,1,0,1,0
12,1626,1,8,0,0,0,1,0,1,0,0,2,2,1,1,0,0,0
12,1371,-1,2,0,1,0,1,0,0,0,0,0,0,0,0,0,0,0
12,4312,1,3,0,0,0,0,1,0,0,0,1,1,0,0,0,0,0
12,4702,-1,0,0,0,0,0,0,0,0,0,0,0,0,0,0,0,0
12,367,1,2,1,0,0,0,0,0,0,0,0,0,0,0,0,1,0
12,573,1,13,0,1,0,0,1,0,0,1,2,2,1,5,0,0,0
12,354,1,9,3,0,0,0,0,0,1,0,3,0,2,0,0,0,0
12,2019,-1,3,0,1,0,0,0,0,0,0,0,1,0,1,0,0,0
12,2020,-1,6,0,0,1,0,0,0,0,0,1,2,1,1,0,0,0
12,2789,-1,9,0,1,1,0,0,0,0,0,2,4,0,1,0,0,0
12,1041,1,7,0,0,0,2,1,0,0,0,1,1,2,0,0,0,0
12,488,1,20,1,0,0,0,1,1,0,1,5,3,5,1,0,0,1
12,1020,-1,7,0,2,0,1,0,0,0,0,0,3,0,1,0,0,0
12,362,1,24,2,1,1,0,4,2,0,1,3,0,2,6,2,0,0
12,566,1,17,1,0,0,0,2,0,2,1,1,2,0,6,2,0,0
12,237,1,12,1,0,1,0,1,1,0,3,1,0,0,4,0,0,0
12,1647,-1,3,0,0,0,0,0,0,0,0,1,1,1,0,0,0,0
12,240,1,23,2,1,0,0,3,0,1,3,1,3,1,7,0,0,1
12,2801,-1,2,0,0,0,0,0,0,0,0,0,1,0,1,0,0,0
12,2931,-1,7,1,1,0,0,0,0,0,0,0,2,0,3,0,0,0
12,2878,-1,7,0,0,0,0,0,1,0,1,1,0,1,0,2,0,1
12,1782,1,2,0,0,0,0,1,0,0,0,1,0,0,0,0,0,0
12,887,-1,10,0,2,0,0,0,0,0,2,0,1,0,4,0,0,0
12,1144,-1,12,3,0,0,0,0,0,1,0,4,2,1,0,1,0,0
12,4628,1,2,0,0,0,0,0,0,0,0,1,0,1,0,0,0,0
12,127,1,14,0,1,0,0,2,2,1,0,0,3,0,3,0,1,1
12,166,-1,32,0,4,1,1,6,2,0,1,2,2,2,9,0,0,2
12,1151,-1,9,0,2,0,0,0,0,1,0,2,1,0,3,0,0,0
13,6,1,13,1,0,0,0,1,0,1,2,0,1,1,4,0,1,1
13,135,1,4,2,0,0,0,0,0,0,0,0,0,1,1,0,0,0
13,394,-1,7,0,1,0,0,0,0,1,0,0,2,0,2,1,0,0
13,783,-1,9,0,0,0,0,0,0,0,0,0,4,1,4,0,0,0
13,400,1,6,1,0,0,0,0,0,0,0,0,0,3,2,0,0,0
13,4499,-1,1,0,0,0,0,0,0,0,0,0,1,0,0,0,0,0
13,661,-1,1,0,0,0,0,0,0,0,0,0,0,0,1,0,0,0
13,280,1,17,2,0,2,0,0,0,1,1,3,4,0,3,0,0,1
13,157,1,14,0,0,0,0,1,2,0,0,2,1,0,7,0,0,0
13,1186,-1,6,0,1,0,0,0,0,0,0,0,1,1,3,0,0,0
13,318,1,18,0,0,1,0,1,0,0,0,3,2,1,8,0,2,0
13,832,-1,5,0,1,0,0,0,0,0,0,2,0,0,1,0,0,0
13,706,1,6,1,0,1,0,0,0,0,0,2,0,2,0,0,0,0
13,323,1,9,0,2,2,0,0,0,0,0,3,0,0,2,0,0,0
13,1354,-1,2,0,0,0,0,0,0,0,0,0,1,0,1,0,0,0
13,77,1,14,1,0,0,0,4,0,0,1,5,0,1,0,1,0,1
13,1230,-1,5,0,0,0,0,0,0,0,0,0,3,0,2,0,0,0
13,213,-1,13,0,1,2,0,1,0,0,0,2,3,1,3,0,0,0
13,599,1,8,0,0,0,0,0,0,0,1,3,1,3,0,0,0,0
13,218,-1,23,0,0,0,0,2,1,2,1,1,8,0,6,0,2,0
13,1251,1,8,0,1,0,1,0,0,0,0,0,2,2,2,0,0,0
13,110,-1,8,0,1,1,0,0,0,0,0,1,4,0,1,0,0,0
13,240,-1,24,1,0,0,1,3,1,1,1,2,4,1,6,2,1,0
13,499,-1,6,0,0,1,1,1,0,0,0,0,2,0,1,0,0,0
13,380,1,10,1,0,0,0,2,1,0,1,3,0,2,0,0,0,0
13,1279,-1,2,0,0,0,0,0,0,0,0,0,1,0,1,0,0,0
14,240,1,1,0,0,0,0,0,1,0,0,0,0,0,0,0,0,0
14,2,1,0,0,0,0,0,0,0,0,0,0,0,0,0,0,0,0
14,547,-1,1,0,0,0,1,0,0,0,0,0,0,0,0,0,0,0
14,1393,1,0,0,0,0,0,0,0,0,0,0,0,0,0,0,0,0
14,348,1,1,1,0,0,0,0,0,0,0,0,0,0,0,0,0,0
14,2090,-1,0,0,0,0,0,0,0,0,0,0,0,0,0,0,0,0
14,2284,-1,0,0,0,0,0,0,0,0,0,0,0,0,0,0,0,0
14,2030,-1,0,0,0,0,0,0,0,0,0,0,0,0,0,0,0,0
14,1392,-1,1,0,0,0,0,0,0,0,1,0,0,0,0,0,0,0
14,2065,-1,1,0,1,0,0,0,0,0,0,0,0,0,0,0,0,0
14,10,1,3,0,0,0,0,2,0,0,1,0,0,0,0,0,0,0
14,275,-1,2,0,1,0,0,0,0,1,0,0,0,0,0,0,0,0
14,204,1,2,1,0,0,0,0,0,0,1,0,0,0,0,0,0,0
14,2553,-1,0,0,0,0,0,0,0,0,0,0,0,0,0,0,0,0
14,282,-1,2,0,0,0,0,0,1,0,1,0,0,0,0,0,0,0
14,859,1,2,0,0,0,0,1,0,1,0,0,0,0,0,0,0,0
14,1020,-1,0,0,0,0,0,0,0,0,0,0,0,0,0,0,0,0
14,1290,-1,0,0,0,0,0,0,0,0,0,0,0,0,0,0,0,0
15,1027,1,7,1,0,1,0,1,2,0,2,0,0,0,0,0,0,0
15,8321,1,3,1,0,0,0,0,0,0,0,0,0,0,0,2,0,0
15,1538,-1,4,1,1,0,0,0,1,0,1,0,0,0,0,0,0,0
15,4331,1,12,0,0,0,0,3,1,0,0,4,0,0,0,1,3,0
15,388,1,4,1,0,0,0,0,1,0,2,0,0,0,0,0,0,0
15,261,-1,8,0,2,0,0,4,1,0,1,0,0,0,0,0,0,0
15,136,1,2,0,1,0,0,1,0,0,0,0,0,0,0,0,0,0
15,3082,1,0,0,0,0,0,0,0,0,0,0,0,0,0,0,0,0
15,2828,-1,7,1,5,0,1,0,0,0,0,0,0,0,0,0,0,0
15,578,1,3,2,0,0,0,1,0,0,0,0,0,0,0,0,0,0
15,2963,1,11,1,0,0,0,1,3,0,5,1,0,0,0,0,0,0
15,2704,1,4,1,1,1,1,0,0,0,0,0,0,0,0,0,0,0
15,8337,1,4,1,0,0,0,0,0,0,0,3,0,0,0,0,0,0
15,1555,1,1,0,1,0,0,0,0,0,0,0,0,0,0,0,0,0
15,2008,1,10,1,2,0,0,0,0,1,6,0,0,0,0,0,0,0
15,366,1,4,2,0,0,0,2,0,0,0,0,0,0,0,0,0,0
15,2454,-1,9,1,2,0,0,0,0,2,1,1,1,0,0,0,1,0
15,6688,1,4,0,0,0,0,0,0,0,0,2,2,0,0,0,0,0
15,2835,1,4,1,1,1,0,0,0,0,0,0,1,0,0,0,0,0
15,5828,1,1,1,0,0,0,0,0,0,0,0,0,0,0,0,0,0
15,8730,-1,0,0,0,0,0,0,0,0,0,0,0,0,0,0,0,0
15,2971,-1,1,0,1,0,0,0,0,0,0,0,0,0,0,0,0,0
15,4800,1,3,1,0,0,0,0,0,0,0,0,0,0,0,1,1,0
15,3354,1,2,1,0,0,1,0,0,0,0,0,0,0,0,0,0,0
15,7456,1,4,0,0,0,0,0,0,0,1,1,2,0,0,0,0,0
15,1826,-1,1,0,0,0,0,0,0,0,0,1,0,0,0,0,0,0
15,1443,1,5,2,0,1,0,1,1,0,0,0,0,0,0,0,0,0
15,38,1,13,2,0,0,0,6,0,0,5,0,0,0,0,0,0,0
15,177,1,7,0,0,2,0,3,0,1,1,0,0,0,0,0,0,0
15,809,1,2,0,0,0,0,1,0,0,1,0,0,0,0,0,0,0
15,3243,1,0,0,0,0,0,0,0,0,0,0,0,0,0,0,0,0
15,562,1,5,1,1,0,0,1,0,0,2,0,0,0,0,0,0,0
15,5551,1,2,1,0,0,0,0,0,0,0,1,0,0,0,0,0,0
15,1165,1,1,1,0,0,0,0,0,0,0,0,0,0,0,0,0,0
15,1201,1,1,1,0,0,0,0,0,0,0,0,0,0,0,0,0,0
15,1586,1,1,0,0,0,0,0,0,0,0,1,0,0,0,0,0,0
15,692,1,5,0,2,0,0,2,0,1,0,0,0,0,0,0,0,0
15,2229,1,6,0,0,0,0,2,1,0,3,0,0,0,0,0,0,0
15,438,1,6,0,0,0,0,3,1,0,2,0,0,0,0,0,0,0
15,2155,1,1,0,0,0,0,0,0,0,0,0,1,0,0,0,0,0
15,189,1,5,0,0,1,0,2,0,1,1,0,0,0,0,0,0,0
15,318,-1,3,1,1,0,0,0,1,0,0,0,0,0,0,0,0,0
15,4927,-1,3,0,1,0,0,0,0,0,0,0,2,0,0,0,0,0
15,8000,1,4,1,0,0,0,0,0,0,0,1,0,0,0,1,1,0
15,4033,-1,3,0,2,0,1,0,0,0,0,0,0,0,0,0,0,0
15,5826,1,11,1,0,0,0,4,0,0,0,4,0,0,0,2,0,0
15,963,1,1,1,0,0,0,0,0,0,0,0,0,0,0,0,0,0
15,1476,1,0,0,0,0,0,0,0,0,0,0,0,0,0,0,0,0
15,3910,-1,2,0,2,0,0,0,0,0,0,0,0,0,0,0,0,0
15,8386,1,3,1,0,0,0,1,0,0,0,1,0,0,0,0,0,0
15,329,1,2,0,0,0,0,1,0,0,1,0,0,0,0,0,0,0
15,1867,-1,1,0,1,0,0,0,0,0,0,0,0,0,0,0,0,0
15,3506,1,1,0,0,0,0,0,0,0,0,0,0,0,0,0,1,0
15,1229,-1,3,0,2,0,1,0,0,0,0,0,0,0,0,0,0,0
15,3226,1,10,5,2,0,0,0,0,0,0,0,3,0,0,0,0,0
15,4047,-1,9,0,4,1,0,0,0,0,0,2,1,0,0,1,0,0
15,1488,-1,10,0,3,1,3,2,0,0,1,0,0,0,0,0,0,0
15,2386,-1,2,1,1,0,0,0,0,0,0,0,0,0,0,0,0,0
15,1597,1,4,2,0,1,0,1,0,0,0,0,0,0,0,0,0,0
15,3030,1,1,0,1,0,0,0,0,0,0,0,0,0,0,0,0,0
