324,2481,1,0.15060288719781573,-0.011510246600533116,5,0,0,0,18,0,2,0,3,1,0,0,8,0,0,0
583,2481,1,0.04696864019624249,0.05912879211944319,4,0,0,0,33,1,5,4,1,0,0,0,1,0,0,0
798,2481,1,0.9953860815811072,-0.08019889353666601,4,0,0,0,36,0,6,0,5,0,0,0,12,0,0,0
898,2481,1,0.2359306382673108,-0.010515918032976744,10,0,0,0,58,0,4,4,1,0,0,0,0,0,0,0
1062,2481,1,0.05589057187317966,0.00013381182045835746,5,0,0,0,53,0,4,4,3,0,0,0,5,0,1,0
1644,2481,1,0.06828948642622504,0.16007238059183024,0,0,0,0,6,0,2,1,1,0,0,0,0,0,1,0
2187,2481,1,0.323292619105366,0.2784523176288156,12,0,0,0,89,4,3,0,7,0,1,0,1,0,0,0
2481,2050,1,0.4655295075352947,0.5419557370767182,9,0,0,0,22,2,0,1,6,0,1,0,6,0,0,0
2481,8201,1,0.15424429760052094,0.4106711039910913,9,3,0,0,3,1,0,1,6,3,0,1,0,0,0,0
2481,6669,-1,0.017334881753556502,0.2523690283641937,0,4,0,0,3,0,0,0,0,5,0,1,0,0,0,0
2481,14,1,0.2301678398870121,0.3286846469614065,11,0,0,0,16,0,0,0,8,0,0,1,3,0,0,0
2481,6160,1,0.06525000690776618,0.03658244194448825,9,2,0,0,6,0,0,0,11,1,0,0,0,0,0,0
2481,5655,1,0.2698269840577833,0.6928625614782575,17,0,0,0,8,1,0,0,13,0,2,0,1,0,0,0
2481,9241,1,0.3046553920302459,0.5697417731454999,5,2,0,0,1,0,0,0,3,1,0,0,0,0,0,0
2481,8219,1,0.3046553920302459,0.5697417731454999,7,0,0,0,28,0,0,0,2,0,0,0,1,0,0,0
2481,9248,1,0.1809561339473635,0.059114265502819285,2,5,0,0,0,0,0,0,0,4,0,0,0,0,0,0
2481,3335,1,0.2698269840577833,0.6928625614782575,9,0,0,0,36,6,1,0,6,0,0,0,3,2,0,0
2481,9565,1,0.2574873608418229,0.3111898101000957,6,2,0,0,0,0,0,0,7,3,0,0,0,0,0,0
2481,6197,1,0.2698269840577833,0.6928625614782575,16,0,0,0,23,0,0,0,13,0,0,0,1,0,0,0
2481,4153,1,0.18765031938344295,0.286632004587508,7,0,0,0,36,22,0,0,3,0,1,0,5,6,0,0
2481,6734,1,0.2698269840577833,0.6928625614782575,1,0,0,0,76,0,1,2,2,0,0,0,4,0,0,0
2481,6736,1,0.2698269840577833,0.6928625614782575,7,1,0,0,29,3,0,4,9,2,0,1,5,0,0,0
2481,9810,-1,0.01813544750707831,0.2303541267135216,0,2,0,0,0,0,0,0,0,2,0,0,0,0,0,0
2481,6739,1,0.4655295075352947,0.5419557370767182,6,0,0,0,13,3,0,0,5,0,0,0,2,0,0,0
2481,6232,1,0.2521137575125213,0.304266597527928,8,0,0,0,48,1,0,0,5,1,0,0,6,0,0,0
2481,9146,1,0.11848505900929755,0.23009896988405126,9,2,0,0,0,0,0,0,2,0,0,0,0,0,0,0
2481,3682,1,0.2303577361534048,0.3206307465726778,2,0,0,0,72,0,0,0,0,1,0,0,5,1,0,0
2481,3696,1,0.1873197715828098,0.2390546111011762,8,0,0,0,37,3,1,4,12,4,0,1,1,0,0,0
2481,3697,1,0.2710611845064,0.32032472352503377,9,0,0,0,11,0,0,0,9,0,0,0,3,0,0,0
2481,3702,1,0.09271113743530028,0.23231072015197846,4,1,0,0,44,2,0,2,11,2,0,1,4,0,0,0
2481,3191,1,0.2737831602651912,0.2472973288952777,6,0,0,0,8,0,0,0,4,0,0,0,0,0,0,0
2481,8320,1,0.4655295075352947,0.5419557370767182,10,0,0,0,4,0,0,0,3,0,0,0,0,0,0,0
2481,5764,1,0.09667476369213024,0.1270372491858135,3,1,0,0,64,1,0,0,4,0,0,0,7,1,0,0
2481,2187,1,0.1765278230706091,0.4621065873194458,1,0,0,0,89,3,4,0,7,1,0,0,12,0,0,0
2481,2188,1,0.22728072722594184,-0.011286204091398076,2,0,0,0,1,0,0,0,1,0,0,0,0,0,0,0
2481,6286,1,0.4655295075352947,0.5419557370767182,11,0,0,0,12,0,0,0,22,0,1,0,0,0,0,0
2481,5780,1,0.1650287064235051,0.19293767201863346,7,0,0,0,15,1,0,0,6,0,0,0,1,0,0,0
2481,8341,1,0.06811465571135185,0.11428113816870915,12,0,0,0,0,0,0,0,10,0,0,0,0,0,0,0
2481,664,1,0.2688455212549553,0.512149069692695,17,2,0,0,2,2,0,0,9,2,0,1,0,0,0,0
2481,4252,1,0.2521137575125213,0.304266597527928,12,0,0,0,11,0,0,0,7,0,1,0,5,0,0,0
2481,8350,1,0.1310714517038065,0.15266327044262046,13,6,0,0,10,3,0,0,9,6,1,1,0,0,0,0
2481,2209,1,0.1556383221768341,0.19355057189755612,11,0,0,0,35,1,0,0,8,0,0,0,5,0,0,0
2481,4772,1,0.19631903039715276,0.26329102910311125,12,0,0,0,36,0,0,1,13,0,0,0,4,0,0,0
2481,8817,1,0.2698269840577833,0.6928625614782575,8,2,0,0,2,0,0,0,2,2,0,0,0,0,0,0
2481,2216,1,0.4655295075352947,0.5419557370767182,16,0,0,0,6,0,0,0,4,0,0,0,1,0,0,0
2481,10013,-1,0.018009342176785938,0.31529904250575586,2,6,0,0,0,0,0,0,1,10,0,1,0,0,0,0
2481,8371,1,0.2698269840577833,0.6928625614782575,9,5,0,0,18,0,0,1,9,1,0,0,1,0,0,0
2481,8887,1,0.21740598993034596,0.32416069067525977,14,0,1,0,0,1,0,0,15,0,1,0,0,0,0,0
2481,8889,-1,0.012695198579118805,0.1893291842099058,0,3,0,0,3,0,0,0,1,5,0,0,0,0,0,0
2481,9404,1,0.09790286460867363,0.1397004404266831,19,4,0,0,0,0,0,0,9,0,0,1,0,0,0,0
2481,9917,1,0.28458420576298826,0.374630354224516,8,1,0,0,0,0,0,0,2,3,0,0,0,0,0,0
2481,1728,1,0.2698269840577833,0.6928625614782575,14,0,0,0,10,1,1,0,6,1,1,1,3,0,0,0
2481,6337,1,0.21740598993034596,0.32416069067525977,21,0,0,0,17,0,0,0,19,0,0,0,1,0,0,0
2481,8388,1,0.2574873608418229,0.3111898101000957,9,0,1,0,0,0,0,0,10,0,0,0,0,0,0,0
2481,8389,-1,0.06876106474822656,0.2413811617642523,3,2,0,0,5,1,0,0,0,6,0,0,0,0,0,0
2481,3782,1,0.239526222481877,0.5556686423042154,9,1,0,0,18,3,0,1,10,0,0,0,1,0,0,0
2481,205,1,0.1855127551087779,-0.013377943406054313,0,0,0,0,4,0,0,0,0,0,0,0,0,0,0,0
2481,5852,1,0.4655295075352947,0.5419557370767182,1,1,0,0,74,1,0,6,5,1,0,1,9,0,0,0
2481,8413,1,0.2710611845064,0.32032472352503377,21,0,0,0,1,0,0,0,12,0,1,0,0,0,0,0
2481,6879,1,0.2710611845064,0.32032472352503377,16,0,0,0,10,2,0,0,10,0,0,0,1,0,0,0
2481,5345,1,0.13496375376735326,0.15871074092780207,10,1,0,0,1,0,0,0,8,1,0,0,2,0,0,0
2481,8425,1,0.2060870097887857,0.4541375227390642,25,0,0,0,4,0,0,0,15,0,1,0,1,0,0,0
2481,4330,1,0.239526222481877,0.5556686423042154,9,0,0,0,50,2,0,0,15,0,1,0,5,0,0,0
2481,2284,1,0.2698269840577833,0.6928625614782575,7,1,0,0,0,0,0,0,9,2,0,0,0,0,0,0
2481,8430,1,0.15426459970470946,0.22013644540838115,12,2,0,0,11,0,0,1,12,1,1,1,0,0,0,0
2481,8958,1,0.4655295075352947,0.5419557370767182,23,0,0,0,2,2,0,0,9,1,0,0,2,1,0,0
2481,2603,1,0.15201312866477715,0.025866486219027686,3,0,0,0,13,0,0,0,4,0,0,0,3,0,0,0
2481,4359,1,0.14337383993864106,-0.011117700129519023,6,0,0,0,15,2,0,0,5,0,0,0,3,0,0,0
2481,1802,1,0.3012283743204528,0.041931992509372094,2,2,0,0,1,0,0,0,2,0,0,0,0,0,0,0
2481,8459,1,0.20005679376926155,0.15773260103036071,2,0,0,0,4,0,0,0,4,0,0,0,0,0,0,0
2481,4364,1,0.1381479173323646,0.1871783345967971,14,0,1,0,12,0,0,0,13,0,0,0,1,0,0,0
2481,10003,-1,0.08468659561429075,0.19661025726122308,2,4,0,0,0,0,0,0,1,4,0,0,0,0,0,0
2481,5405,1,0.2688455212549553,0.512149069692695,15,0,1,0,7,2,0,0,13,0,0,1,0,0,0,0
2481,798,1,0.214968867116818,0.4415488875028857,12,0,0,0,36,6,0,0,5,0,0,0,4,0,0,0
2481,7456,1,0.13899732538363815,0.3684936072162904,13,3,0,0,23,8,0,1,10,2,1,0,1,0,0,0
2481,296,1,0.1185125349887427,0.22164276076086653,3,0,0,0,2,2,0,0,1,0,0,0,0,0,0,0
2481,6524,1,0.06824492865711887,0.12460411937100058,2,6,0,1,6,0,0,0,2,6,0,0,0,0,0,0
2481,5341,1,0.9953860815811072,-0.08019889353666601,1,0,0,0,0,0,0,0,1,0,0,0,0,0,0,0
2481,1337,1,0.2167599214977143,0.3074354410497335,13,0,0,0,13,1,0,0,6,0,0,0,0,0,0,0
2481,7999,1,0.4655295075352947,0.5419557370767182,16,0,0,0,6,0,0,0,4,0,0,0,1,0,0,0
2481,324,1,0.15426459970470946,0.22013644540838115,8,0,0,0,18,2,0,0,3,0,1,0,5,0,0,0
2481,6471,1,0.17934833339249304,0.33555806169765673,12,0,0,0,17,0,0,0,8,0,0,0,4,0,0,0
2481,9034,1,0.1162629534340901,0.0874223123403322,2,2,0,0,0,0,0,0,2,0,0,0,0,0,0,0
2481,9039,1,0.2698269840577833,0.6928625614782575,7,3,0,0,0,0,0,0,4,1,0,0,0,0,0,0
2481,5968,1,0.12815044178835655,0.15142778763870246,1,5,1,0,0,0,0,0,1,6,0,0,1,0,0,0
2481,341,1,0.323292619105366,0.2784523176288156,2,0,0,0,0,0,0,0,1,0,1,0,0,0,0,0
2481,4580,1,0.2521137575125213,0.304266597527928,11,0,0,0,21,1,0,0,10,0,0,0,1,0,0,0
2481,346,1,0.4655295075352947,0.5419557370767182,20,1,0,0,3,0,0,0,9,0,0,1,0,1,0,0
2481,4445,1,0.2574873608418229,0.3111898101000957,15,1,1,0,0,0,0,0,8,0,0,0,0,0,0,0
2481,5985,-1,0.015610216429247887,0.2773301235181419,0,4,0,0,0,0,0,0,1,8,0,1,0,0,0,0
2481,3441,1,0.3046553920302459,0.5697417731454999,11,0,0,0,14,0,0,0,11,0,0,0,4,0,0,0
2481,8050,1,0.2710611845064,0.32032472352503377,20,0,0,0,2,0,0,0,7,0,0,0,0,0,0,0
2481,6006,1,0.2698269840577833,0.6928625614782575,16,0,0,0,2,1,0,0,7,0,1,0,1,0,0,0
2481,6012,1,0.2688455212549553,0.512149069692695,8,0,0,0,10,0,0,0,5,1,0,0,2,0,0,0
2481,8573,1,0.015500826245039885,0.17351260655286505,10,0,0,0,0,0,0,0,7,0,0,0,0,0,0,0
2481,8576,1,0.0865897493881383,0.2102155138477461,3,0,0,0,4,0,1,0,3,6,0,0,0,0,0,0
2481,8066,1,0.09306730557563088,0.14462187513537472,9,3,0,0,1,0,0,0,5,0,0,0,1,0,0,0
2481,8093,1,0.4655295075352947,0.5419557370767182,9,2,0,0,1,0,0,0,4,1,0,0,0,0,0,0
2481,8097,1,0.21740598993034596,0.32416069067525977,4,1,0,0,0,0,0,0,3,5,0,0,1,0,0,0
2481,6055,1,0.1430164675044082,0.07938512514501561,0,0,1,0,50,0,1,0,2,0,0,1,7,0,0,0
2481,8618,1,0.2698269840577833,0.6928625614782575,9,2,0,0,2,0,0,1,7,2,0,0,0,0,0,0
2481,9644,-1,0.047677188823522315,0.6563871481707181,0,3,0,0,0,0,0,0,0,4,0,0,0,0,0,0
2481,2480,1,0.14685867610539685,0.039840035298751186,2,0,0,0,1,0,0,0,0,0,0,0,0,0,0,0
2481,5562,1,0.4655295075352947,0.5419557370767182,15,0,0,0,3,0,0,0,9,0,0,0,1,0,0,0
2481,3010,1,0.07246029832409698,0.13646387934614984,2,0,0,0,0,0,0,0,0,0,0,0,0,0,0,0
2481,8652,1,0.2276400959106345,0.5089236958047476,10,0,0,0,0,0,0,0,6,0,0,0,0,0,0,0
2481,973,1,0.0738831308549906,0.09850771149271106,0,1,0,0,0,0,0,0,1,0,0,0,0,0,0,0
2481,9294,1,0.21740598993034596,0.32416069067525977,12,0,0,0,0,0,0,0,8,1,0,0,0,0,0,0
2481,5590,1,0.21080529594617606,0.5813154786104582,9,3,0,0,30,4,0,0,5,0,0,0,4,0,0,0
2481,9188,1,0.22872644369908285,0.2711250933140389,17,0,0,0,0,0,0,0,8,0,0,0,0,0,0,0
2481,7147,1,0.16106826947523148,0.003699134545019253,16,0,0,0,19,5,1,1,7,1,0,0,1,0,0,0
2481,1008,1,0.07995589426443392,0.1099295727052509,2,1,0,0,0,0,0,0,1,0,0,0,0,0,0,0
2481,7154,1,0.2806407761920813,0.0028641848030132315,6,0,0,0,2,0,0,0,4,0,0,0,0,0,0,0
2481,7667,1,0.2287251166241888,0.2661456396785501,14,0,0,0,0,0,0,0,10,0,0,1,0,0,0,0
2481,6134,1,0.17617890183819335,0.2339383663029921,4,1,0,0,39,17,0,0,11,0,0,0,4,1,0,0
2481,4599,1,0.2521137575125213,0.304266597527928,13,0,0,0,14,1,0,1,13,0,0,0,2,0,0,0
2559,2481,1,0.9953860815811072,-0.08019889353666601,9,0,0,0,62,0,0,0,2,0,0,0,3,0,1,0
3235,2481,1,0.9953860815811072,-0.08019889353666601,9,0,0,0,37,0,1,0,0,0,0,0,0,0,0,0
3312,2481,1,0.2518196800913653,0.4521777207192232,0,0,0,0,16,0,0,0,0,0,0,0,0,0,0,0
3335,2481,1,0.06852027688964032,0.056805574592216086,3,0,2,0,36,1,6,0,6,0,0,0,9,0,0,0
3682,2481,1,5.559295892060774e-07,2.6173344882736276e-05,5,0,1,0,72,0,0,0,0,0,1,0,2,0,0,0
4112,2481,-1,0.0052062712762358096,0.049023764006714585,0,0,0,0,8,0,9,0,0,0,0,0,0,0,0,0
4190,2481,1,0.040527014839919724,0.01909885676979777,4,0,0,0,46,0,1,3,4,0,0,0,2,0,0,0
4330,2481,1,0.02537008539748801,0.05530539341896666,5,0,0,0,50,0,2,0,15,1,0,0,9,0,0,0
4580,2481,1,0.12787428760185707,-0.0021285926910271148,1,0,0,0,21,0,1,0,10,0,0,0,11,0,0,0
4687,2481,1,0.07808600227867944,0.1053784259121269,3,0,0,0,11,0,0,0,5,0,0,0,16,0,0,0
4772,2481,1,0.0660864007512708,0.1482776308641706,4,0,0,0,36,0,0,1,13,0,0,0,12,0,0,0
4835,2481,1,0.2398678932860769,-0.0006058580984606921,0,0,0,0,2,0,0,0,0,0,0,0,0,0,0,0
5301,2481,1,0.16629109724924793,0.4534804217275559,4,0,0,0,30,0,7,6,4,0,1,0,1,0,1,0
5475,2481,1,0.9953860815811072,-0.08019889353666601,0,0,0,0,23,0,5,1,0,0,0,0,0,0,0,0
5764,2481,1,0.9953860815811072,-0.08019889353666601,7,0,1,0,64,0,1,0,4,0,0,0,3,0,1,0
5825,2481,1,0.10632071749992908,0.026703438103713503,3,0,0,0,42,0,2,2,7,0,0,0,11,0,0,0
5852,2481,1,0.2364288468582076,0.2822103724575301,9,0,0,0,74,0,1,6,5,0,1,1,1,0,1,0
5885,2481,1,0.07841431439809071,0.030436157788718905,0,0,0,0,12,0,0,2,0,0,0,0,0,0,0,0
6055,2481,1,0.13154873785118826,0.02940607392567787,7,0,0,0,50,1,0,0,2,0,0,1,0,1,0,0
6130,2481,1,0.12544006825088266,0.19439133269856884,1,0,0,0,7,0,1,0,3,0,0,0,2,0,0,0
6245,2481,1,0.9953860815811072,-0.08019889353666601,5,0,2,0,29,0,14,0,3,0,0,0,8,0,0,0
6469,2481,1,0.9953860815811072,-0.08019889353666601,3,0,0,0,66,0,8,3,6,0,0,0,1,0,0,0
6731,2481,1,0.08369261746862879,-0.006704820122273239,2,0,1,0,52,0,12,3,5,0,1,0,3,0,0,0
6734,2481,1,0.18006445039159746,0.535254699058664,4,0,0,0,76,1,0,2,2,0,0,0,1,0,0,0
6736,2481,1,0.004125424253697135,0.03322949364126914,5,0,0,0,29,0,3,4,9,0,2,1,7,0,1,0
7323,2481,1,0.2376754429643151,9.298030055743988e-05,2,0,0,0,51,1,2,4,6,0,0,0,5,0,0,0
7456,2481,1,0.09050271838720243,0.18007513642567125,1,0,0,0,23,0,8,1,10,1,2,0,13,0,3,0
7538,2481,1,0.9953860815811072,-0.08019889353666601,0,0,0,0,9,0,0,0,0,0,0,0,0,0,0,0
8088,2481,1,0.9953860815811072,-0.08019889353666601,1,0,0,0,7,0,0,0,0,0,0,0,0,0,0,0
8096,2481,1,0.25339397652963463,0.3064314530929613,0,0,0,0,2,0,0,0,0,0,0,0,0,0,0,0
8191,2481,1,0.9953860815811072,-0.08019889353666601,0,0,0,0,14,0,7,2,0,0,0,0,0,0,0,0
8193,2481,1,0.9953860815811072,-0.08019889353666601,0,0,0,0,34,0,6,3,0,0,0,0,0,0,0,0
8208,2481,1,0.07965263522701055,0.19246928111887499,0,0,0,0,9,2,0,0,0,0,0,0,0,0,0,0
8212,2481,1,0.11769257248613052,-0.008359542669570563,0,0,0,0,20,0,0,0,0,0,0,0,0,0,0,0
8330,2481,1,0.4655295075352947,0.5419557370767182,0,0,0,0,29,0,0,0,0,0,0,0,0,0,0,0
8382,2481,-1,0.0024080878927295267,0.09435166928082282,0,0,0,0,9,0,6,3,0,0,0,0,0,0,0,0
8428,2481,1,0.2522898864617565,0.17326076063750753,1,0,0,0,26,0,0,2,0,0,0,0,0,0,0,0
8889,2481,1,0.0595826593556285,0.0745734874923168,0,0,0,0,3,0,0,0,1,0,5,0,0,0,3,0
9248,2481,1,0.9953860815811072,-0.08019889353666601,0,0,0,0,0,0,0,0,0,0,4,0,2,0,5,0
6,1008,1,0.012045766260416537,0.09626349732679701,3,0,1,1,20,6,2,7,6,0,1,2,0,0,1,0
6,498,-1,0.002346335335579456,0.0876493889311422,2,2,1,0,1,3,0,3,1,0,0,0,0,0,0,0
6,1523,-1,0.00405112155018068,0.05768461041862241,0,0,0,1,1,0,1,0,0,0,0,0,0,0,1,0
6,1406,-1,0.007336034557562719,0.1275377224683671,6,2,1,0,1,0,1,0,1,1,0,0,0,0,0,0
6,886,-1,0.0014655445157282414,0.05347118621735915,1,1,0,1,4,0,0,0,1,1,0,1,0,0,0,0
6,2552,-1,0.0131736472201727,0.1449562856466178,2,3,2,0,1,1,1,0,0,2,0,3,0,0,0,0
6,1014,-1,0.006958093620513545,0.05901105726738293,5,2,4,1,2,0,1,0,2,1,1,0,0,0,1,0
6,191,1,0.06580943386557789,0.02526428725410056,2,0,3,0,7,1,2,1,3,0,2,1,0,0,0,0
6,2898,1,0.0758721687050659,0.0438120536932838,1,0,0,0,0,0,0,0,0,2,0,1,0,0,0,0
6,2026,-1,0.013341547189013913,0.17284355684694233,0,1,0,1,0,0,0,0,1,1,0,1,0,0,0,0
6,111,-1,0.010307855130658274,0.13522025334475346,5,4,1,2,11,0,2,3,9,1,1,1,0,0,0,0
6,2038,-1,0.0018568965149844566,0.08455518230865694,0,1,0,1,0,0,0,0,0,2,0,0,0,0,0,0
9,111,1,0.03138971191252494,0.01811064851434361,4,1,1,1,30,4,3,3,16,3,10,3,0,0,1,1
9,156,1,0.039782348893361234,0.07211237343275582,10,1,2,0,13,2,0,1,15,6,7,1,0,0,0,0
9,415,1,0.0619386393436737,0.00738833972393513,11,0,1,0,6,2,1,0,15,4,9,1,0,0,0,0
9,160,1,0.07637134963588656,0.07517128898250508,3,0,1,0,4,6,1,2,8,1,4,0,3,1,2,0
9,1392,1,0.035464613292757616,0.033486848803216306,4,2,0,0,9,0,2,0,4,1,3,1,4,0,1,0
9,36,1,0.047439949750748174,0.028267773185990174,8,2,0,0,10,0,1,0,22,5,8,7,1,0,0,0
9,165,-1,0.007851971636529108,0.11284524589056585,2,1,0,2,33,4,4,1,4,10,3,2,3,0,2,0
9,806,1,0.04510563098941574,0.010502951959176785,13,0,5,0,8,0,2,0,18,0,8,0,1,0,0,0
9,1457,1,0.06267376116903448,0.017233916158977087,9,0,3,0,0,0,0,0,12,0,9,0,0,0,0,0
9,1192,1,0.048259440338665686,0.07944547300628775,10,2,3,0,2,0,0,0,6,6,6,2,0,0,0,0
9,327,1,0.04963462205397769,0.03625603972473988,4,3,1,0,11,2,1,1,15,5,9,3,0,0,0,0
9,93,-1,0.003055891007474854,0.07309210628148864,3,1,2,0,13,2,2,0,12,1,6,2,5,0,3,0
9,189,1,0.079295114717569,0.007380133753605476,13,0,3,0,5,0,0,0,18,0,11,0,0,0,0,0
9,691,1,0.056109025073034016,0.03709841947494545,5,1,3,0,18,0,1,1,11,3,8,5,1,0,2,0
9,1205,1,0.0336145279799026,0.03785537695192051,4,3,2,1,0,0,0,0,8,4,4,2,0,0,0,0
9,567,1,0.06491728595954911,-0.0005779396277985325,5,0,1,0,5,7,0,2,12,0,3,0,0,0,0,0
9,706,1,0.1019537608791736,-0.007575107452615583,14,1,4,0,1,1,0,0,18,1,10,1,0,0,0,0
9,186,1,0.06620157128371612,0.011392114679607648,2,0,3,0,27,1,2,0,6,3,5,4,0,0,1,0
9,572,-1,0.004676343979921038,0.09522862218101127,3,5,2,0,10,0,0,1,12,6,8,6,1,0,0,0
9,957,1,0.0636337969876726,0.010242312528968286,8,2,1,0,4,0,2,0,8,1,2,1,0,0,0,0
9,190,1,0.09737516563536394,-0.0033896480052226946,1,1,0,0,9,0,0,1,2,4,1,3,2,0,0,0
9,575,-1,0.0023142350480377626,0.04947139169159396,11,1,2,2,5,2,0,1,17,9,12,3,1,0,2,0
9,322,1,0.13081957093751642,-0.007915733295580719,8,5,2,1,0,0,0,0,29,2,14,4,0,0,0,0
9,580,1,0.041801637522047255,0.015527171015104532,7,0,2,1,2,1,0,1,14,0,4,0,0,0,0,0
9,1221,1,0.034244606758263706,0.07557962592937817,5,1,0,1,0,0,0,0,4,3,2,1,0,0,0,0
9,1121,1,0.06326035471475157,0.0640184760946093,9,6,1,0,0,0,0,0,14,1,15,3,0,0,0,0
9,1494,1,0.9953860815811072,-0.08019889353666601,7,0,2,0,0,0,0,0,12,0,5,0,0,0,0,0
9,1804,1,0.058521746596394,0.007696283439990934,6,0,0,0,2,0,0,0,10,2,5,0,0,1,0,0
9,714,1,0.05901878207833833,0.034139775159378764,7,0,1,0,3,2,0,1,14,0,4,0,0,0,0,0
9,203,1,0.021507527437247667,0.01994711281566083,10,0,1,0,9,0,1,1,9,0,3,0,3,1,1,0
9,76,1,0.06293468013721229,0.04051684111642507,2,0,1,0,33,1,3,0,13,0,11,0,0,0,1,1
9,1997,-1,0.002822381914044567,0.06797999844860339,0,1,0,1,0,0,0,0,0,3,0,1,0,0,0,0
9,976,1,0.05121950691235122,0.05372174867563639,4,0,2,1,0,0,0,0,6,0,4,0,0,0,0,0
9,465,1,0.06466392011680377,0.07240247747917289,9,0,1,0,0,0,0,0,17,6,9,0,0,0,0,0
9,212,1,0.03930997819349913,0.051265716447996976,7,3,2,2,2,0,0,0,18,6,13,2,0,0,0,0
9,598,1,0.09612519700320024,0.028119863749547846,11,1,1,0,1,1,0,0,16,0,3,0,0,0,0,0
9,600,1,0.04740840109759432,0.049230585920942975,14,0,0,0,2,0,0,0,21,3,11,0,0,0,0,0
9,601,1,0.04205538314867378,0.035123580081911104,11,1,3,0,12,0,4,0,12,1,3,0,1,0,0,0
9,527,1,0.06228769950776675,0.029022342041153323,16,0,2,0,2,0,0,0,25,1,12,0,0,0,0,0
9,220,1,0.04204418563311911,0.057320125133671976,0,1,0,0,49,3,8,2,10,4,1,4,7,0,3,0
9,733,-1,0.03882469366810826,0.08783238738327273,6,2,0,0,3,0,0,1,12,3,7,2,0,0,0,0
9,95,1,0.029755136107266662,0.020321209686658445,0,9,2,0,4,0,0,0,8,5,2,5,0,0,0,0
9,962,1,0.056191304608329724,0.059716675026503366,6,0,2,0,0,0,0,0,10,0,3,3,0,0,0,0
9,353,1,0.039033386918060235,0.023542825802685755,5,0,1,0,16,1,3,0,14,0,3,0,0,0,1,0
9,1546,1,0.05265482243009306,0.01940941848297368,4,0,1,0,2,0,1,0,8,1,5,0,1,0,0,0
9,1507,-1,0.002773235866808309,0.07781739703432404,2,1,0,0,2,3,1,2,4,4,3,3,1,1,1,0
9,293,1,0.0869281138863864,0.00133144145704615,5,1,3,1,6,4,0,1,11,2,8,1,0,0,0,0
9,404,1,0.08140075544779768,-0.0005439111434163673,3,0,3,0,0,0,0,0,10,0,4,1,0,0,0,0
9,316,1,0.05415656649259543,0.0150575880660151,1,0,0,0,23,5,7,0,6,1,5,0,4,0,2,1
9,234,1,0.05739276132011116,0.0226778626089863,6,0,0,0,16,4,5,1,9,2,4,0,0,1,0,0
9,1131,-1,0.0049793516828637715,0.08063019541306995,3,1,0,1,2,0,3,0,2,1,2,3,2,0,0,0
9,236,-1,0.000785669489016543,0.0473332076002408,10,1,1,0,15,1,0,3,17,6,11,2,0,0,2,0
9,1006,1,0.049107738233537424,0.010864653941257112,12,0,3,0,0,0,0,0,17,0,7,0,0,0,0,0
9,239,1,0.028059550721967613,0.05635026409254084,3,1,1,0,32,1,3,1,24,9,18,4,0,0,1,0
9,112,1,0.05783678173450136,0.0028706339458744673,4,0,1,0,34,5,2,3,7,0,3,0,2,1,1,0
9,40,-1,0.0030031466632515482,0.052904595064770465,2,2,1,1,14,3,1,1,5,3,2,3,2,0,0,0
9,1798,1,0.07877797426680587,0.015781903880219775,3,1,0,0,4,0,0,1,5,5,3,2,3,0,2,0
9,830,1,0.06711456157286734,0.0026390685700482,0,3,1,0,10,0,0,0,2,4,1,2,1,0,1,0
9,630,1,0.06995600480722243,0.08376449911739382,11,1,0,2,0,0,0,0,23,4,8,2,0,0,0,0
9,361,1,0.06134189581343606,0.00944972183255317,4,0,2,0,21,5,2,1,3,7,8,4,1,0,0,0
9,505,1,0.040668042894087264,0.0134109403750997,19,0,1,0,0,0,0,0,23,2,13,0,0,0,0,0
9,379,1,0.03485594978105954,0.02739313619283577,9,0,1,0,12,1,0,0,12,0,5,0,0,0,0,0
9,1150,1,0.04543028480274428,0.01920735903746856,5,0,0,1,1,0,1,0,2,9,5,2,0,0,0,0
10,962,-1,0.018075537288396254,0.17134509098743325,3,0,3,0,0,0,0,0,1,0,0,0,0,0,0,0
10,399,1,0.3012283743204528,0.041931992509372094,8,1,2,0,1,0,0,0,1,0,0,0,0,0,0,0
10,528,1,0.0591839889553116,0.074816348133662,2,0,2,0,9,1,0,0,1,0,0,0,0,0,0,0
10,274,-1,0.044483888143029636,0.08374172513613468,0,3,1,0,5,0,6,0,5,5,0,0,0,0,0,0
10,147,1,0.3012283743204528,0.041931992509372094,6,0,2,0,13,0,0,0,3,0,0,0,0,0,0,0
10,156,1,0.05285259573291139,0.06670655036231736,5,1,3,0,10,1,0,2,4,0,0,0,0,0,0,0
10,415,1,0.3012283743204528,0.041931992509372094,6,0,4,0,6,1,1,1,3,0,0,0,0,0,0,0
10,7073,-1,0.01086989906352715,0.1967604570386022,0,0,0,0,0,0,0,0,7,0,0,0,0,0,0,0
10,36,1,0.3012283743204528,0.041931992509372094,5,1,3,0,11,0,0,0,3,0,0,0,0,0,0,0
10,37,1,0.055470442394929334,0.0069074235545859355,0,0,2,0,7,1,3,0,14,0,0,0,6,1,0,0
10,806,1,0.9953860815811072,-0.08019889353666601,8,0,6,0,7,0,1,0,6,0,0,0,0,0,0,0
10,45,-1,0.28486911361082096,0.3253887006899208,0,0,1,0,32,1,8,1,0,0,0,0,0,0,0,0
10,1329,-1,0.0026271007989895675,0.07812072233304056,0,3,0,1,0,0,0,0,0,1,0,0,0,0,0,0
10,691,-1,0.004142729815306172,0.2410990380759082,6,0,2,0,10,0,1,0,2,3,0,0,0,0,0,0
10,317,-1,0.004528605821436314,0.06401139706521833,1,1,2,0,12,1,1,1,4,0,0,0,0,0,0,0
10,706,1,0.10286849892131268,0.14829243776137468,9,0,2,0,1,0,0,0,2,0,0,0,0,0,0,0
10,572,1,0.9953860815811072,-0.08019889353666601,1,1,1,0,7,1,2,1,2,0,0,0,0,0,0,0
10,189,1,0.05516741780487668,0.0384400748523989,6,0,6,0,5,0,0,0,4,0,0,0,0,0,0,0
10,575,1,0.3012283743204528,0.041931992509372094,8,2,4,0,2,0,0,0,3,0,0,0,0,0,0,0
10,705,1,0.5274532261081243,0.016635878327828982,3,0,2,0,0,0,0,0,3,0,0,0,0,0,0,0
10,322,-1,0.0016235388302993199,0.12694124611448854,7,4,3,0,0,0,0,0,5,1,0,0,0,0,0,0
10,1121,-1,0.008520961144583778,0.15630428902043628,8,3,2,0,0,0,0,0,3,0,0,0,0,0,0,0
10,328,1,0.0357060919342777,0.11357081154945703,8,0,2,0,10,0,2,1,2,0,0,0,1,0,0,0
10,714,1,0.3012283743204528,0.041931992509372094,4,0,2,0,2,0,0,2,1,0,0,0,0,0,0,0
10,76,1,0.3012283743204528,0.041931992509372094,1,0,1,0,30,0,3,0,2,0,0,0,0,0,0,0
10,1229,-1,0.0029812503772043077,0.06572098186320198,0,1,1,0,0,0,0,0,0,2,0,0,0,0,0,0
10,465,1,0.3012283743204528,0.041931992509372094,7,0,2,0,0,0,0,0,2,1,0,0,0,0,0,0
10,598,1,0.3012283743204528,0.041931992509372094,5,0,1,0,1,2,0,0,3,0,0,0,0,0,0,0
10,215,1,0.3012283743204528,0.041931992509372094,2,1,1,0,4,0,2,1,0,0,0,0,0,0,0,0
10,600,1,0.3012283743204528,0.041931992509372094,9,0,2,0,1,0,0,0,2,0,0,0,0,0,0,0
10,858,-1,0.0042739411111183965,0.08329031965695789,0,1,1,0,5,0,3,0,1,1,0,0,13,0,0,0
10,527,1,0.3012283743204528,0.041931992509372094,13,0,1,0,0,0,0,0,4,0,0,0,0,0,0,0
10,220,1,0.14210275228801894,0.021671819878772317,0,0,1,1,25,3,5,2,3,10,0,0,7,0,0,0
10,733,-1,0.05850550599393806,0.12098131232328575,5,0,1,0,1,0,0,1,1,0,0,0,0,0,0,0
10,95,-1,0.006794682925384105,0.5355847964676185,0,3,2,0,4,0,0,0,2,0,0,0,0,0,0,0
10,353,1,0.3012283743204528,0.041931992509372094,3,0,2,0,11,0,2,1,6,0,0,0,0,0,0,0
10,100,1,0.14951696825071698,0.041476596386373535,4,0,4,1,9,0,0,1,1,0,0,0,0,0,0,0
10,97,-1,0.00563729219895482,0.08537048452428378,1,0,0,0,24,0,5,0,1,4,0,0,6,0,0,0
10,236,1,0.3012283743204528,0.041931992509372094,5,0,2,0,12,1,1,3,5,0,0,0,1,0,0,0
10,1006,1,0.061607574087199315,0.12170109085901162,10,0,3,0,0,0,0,0,4,0,0,0,0,0,0,0
10,239,1,0.3012283743204528,0.041931992509372094,5,0,3,0,17,0,6,2,3,0,0,0,0,0,0,0
10,498,-1,0.005196875365400044,0.10609684791819514,1,2,1,0,1,0,0,0,2,0,0,0,1,1,0,0
10,119,-1,0.003978569040610536,0.08177322736291219,0,2,0,0,1,1,0,0,0,3,0,0,0,0,0,0
10,505,1,0.28032929915857596,0.22072678884827526,13,0,2,0,1,0,0,0,4,0,0,0,0,0,0,0
10,379,1,0.3012283743204528,0.041931992509372094,7,0,4,0,9,0,0,1,3,0,0,0,0,0,0,0
11,527,1,0.00687844643378785,0.05505703409776025,26,0,2,0,2,0,0,0,31,1,8,1,0,0,0,0
11,1040,1,0.008305513615422288,0.06141860610181316,4,1,1,2,1,0,0,0,13,0,2,0,0,0,0,0
11,4696,1,0.06370211367586208,0.14620697648386985,2,0,0,0,0,2,0,1,5,0,0,0,0,0,0,0
11,530,1,0.9953860815811072,-0.08019889353666601,11,0,0,0,2,1,0,0,11,0,3,2,0,0,0,0
11,4627,1,0.002928921644356184,0.029872425293103095,2,0,0,0,0,0,0,0,2,0,3,0,0,0,0,0
11,4116,1,0.9953860815811072,-0.08019889353666601,1,0,0,0,33,3,4,0,2,1,0,0,7,0,0,0
11,1045,1,0.0009392559958299824,0.009986418682738748,7,0,0,1,1,0,0,0,16,0,1,1,0,0,0,0
11,4689,1,0.0051525716010834615,0.05432201809633844,2,2,0,0,3,0,0,0,2,3,0,0,0,0,0,0
11,601,1,0.9953860815811072,-0.08019889353666601,27,1,1,0,21,0,2,0,15,0,5,1,0,0,0,0
11,536,1,0.0010237496737709939,0.00811450494312936,17,2,2,0,14,3,0,1,13,2,4,1,0,0,0,0
11,27,1,0.0013605328112167385,0.007351139807934494,9,0,1,0,87,17,9,5,15,0,6,0,10,0,2,0
11,858,1,0.003042158586717592,0.02869009005537355,0,4,0,1,61,0,7,2,8,4,2,3,10,2,2,0
11,545,1,0.9953860815811072,-0.08019889353666601,7,0,2,0,13,4,0,0,11,0,9,1,0,0,0,0
11,546,1,0.016639457116124873,0.025085738012197756,5,3,0,0,1,0,0,0,8,5,2,6,0,0,0,0
11,35,-1,0.10856266641934843,0.049806075388858805,4,10,1,1,7,0,0,0,3,8,0,3,0,0,0,0
11,36,1,0.226844737443572,-0.011792903054101486,12,6,2,0,13,0,1,0,24,11,5,6,1,0,0,0
11,4135,1,0.006631142276014193,0.03668199488599386,2,0,1,0,4,0,1,0,2,0,0,0,1,0,0,0
11,40,1,0.005997100664447898,0.04332737306410068,7,2,0,2,22,7,3,3,8,0,1,2,1,0,1,0
11,3117,1,0.012810009668896949,0.0837215705739003,1,0,1,0,5,1,0,0,1,0,0,0,0,1,0,0
11,4701,-1,0.004474173472978657,0.13440655294082454,0,0,0,0,4,0,0,0,0,0,0,0,0,0,0,0
11,1585,1,0.008305513615422288,0.06141860610181316,9,0,2,0,4,0,1,0,9,0,2,0,1,0,0,0
11,565,1,0.008305513615422288,0.06141860610181316,13,2,2,0,21,3,5,1,20,4,3,4,6,0,1,0
11,1590,1,0.9953860815811072,-0.08019889353666601,5,0,0,0,8,0,0,0,7,0,3,0,1,0,0,0
11,567,1,0.9953860815811072,-0.08019889353666601,13,0,2,0,5,7,0,2,15,0,4,0,0,1,0,1
11,57,1,0.9953860815811072,-0.08019889353666601,20,5,0,0,15,1,0,1,12,9,5,2,0,0,0,0
11,570,1,0.9953860815811072,-0.08019889353666601,5,0,2,0,28,4,2,2,5,0,2,0,8,1,1,0
11,1595,1,0.9953860815811072,-0.08019889353666601,11,0,2,0,4,0,1,0,13,0,3,1,1,0,0,0
11,572,1,0.08014950620458487,0.0008015110145222724,6,5,0,0,10,0,0,1,14,5,5,4,0,0,0,0
11,1597,1,0.0028527496153437073,0.012377593764368965,10,1,2,0,1,0,0,0,13,0,2,0,0,0,0,0
11,62,1,0.0032951987912223173,0.10104859050503152,3,0,1,0,47,2,2,2,4,0,0,0,2,0,2,0
11,575,1,0.00046946223938211084,0.004324867435284858,20,9,4,1,8,4,1,1,25,5,5,5,1,0,0,0
11,577,1,0.003576788067732288,0.01410783864716394,16,0,2,0,38,1,9,0,20,0,4,0,6,0,0,0
11,580,1,0.2806407761920813,0.0028641848030132315,26,0,0,1,5,1,0,0,16,0,3,0,0,1,0,0
11,2118,1,0.008305513615422288,0.06141860610181316,4,0,2,0,7,1,0,0,11,0,5,0,3,0,0,0
11,1121,1,0.031793127136533574,0.07680260471679186,19,7,0,2,0,0,0,0,21,7,6,0,0,0,0,0
11,587,1,0.9953860815811072,-0.08019889353666601,6,0,1,0,16,2,1,0,5,2,0,0,2,1,0,0
11,76,1,6.381453224802536e-06,0.0002567000028445401,14,0,1,0,33,1,2,0,16,0,6,0,1,0,0,0
11,89,1,0.08220708927777473,0.021232561980967284,5,0,0,0,14,0,0,0,5,0,1,1,2,0,0,0
11,80,1,0.9953860815811072,-0.08019889353666601,17,1,1,0,3,0,0,0,14,0,4,0,0,0,0,0
11,3000,1,0.9953860815811072,-0.08019889353666601,4,0,0,0,8,6,2,1,6,0,0,2,2,1,1,0
11,1618,1,0.008483179820468761,0.09326228217430116,16,1,2,0,5,0,2,1,21,1,6,1,0,0,0,0
11,1619,1,0.9953860815811072,-0.08019889353666601,7,0,0,0,13,3,0,0,9,1,3,0,2,1,0,0
11,598,1,0.001981017012576505,0.013201533236033328,18,1,1,0,1,1,0,0,22,0,2,0,0,0,0,0
11,600,1,0.06984536605227266,0.11026558646362156,19,0,0,0,2,0,1,0,28,1,5,2,0,0,0,0
11,1625,1,0.016475043403279422,0.21647009208939744,11,2,1,1,1,2,0,0,14,3,3,1,0,0,0,0
11,605,1,0.006562418345080492,0.04195248759292529,5,4,4,0,25,5,0,2,15,0,1,3,0,1,0,0
11,357,1,0.0001906074670477384,0.001961015185868653,6,0,1,1,23,3,2,0,6,0,0,0,0,1,0,0
11,97,1,0.053693936643199415,0.019313989111375003,1,7,1,1,44,2,3,0,5,9,0,1,10,0,2,0
11,611,1,0.11418850472101225,0.1529117079420233,15,0,1,0,20,2,2,0,18,0,1,1,0,0,0,1
11,1125,1,0.003713748134069553,0.009165896297969704,12,0,0,0,5,0,0,0,16,0,3,0,1,0,0,0
11,1639,1,0.9953860815811072,-0.08019889353666601,20,0,5,1,1,0,0,0,14,2,5,3,0,0,0,0
11,104,1,0.0045663680643892425,0.037548931612253436,5,1,2,0,57,17,4,7,10,3,7,2,7,4,2,0
11,1569,1,0.04945075091201848,0.050007299177724236,6,5,0,0,7,0,1,0,7,1,1,1,3,0,0,0
11,1554,1,0.0033934773690416733,0.033019771895363204,12,2,2,0,1,0,0,0,14,2,1,1,0,0,0,0
11,1646,-1,0.00956971031045338,0.2629158472060385,8,3,0,0,3,0,0,0,4,1,2,0,1,0,0,0
11,111,1,0.008305513615422288,0.06141860610181316,15,2,2,1,30,7,1,3,19,6,5,3,1,1,0,0
11,630,1,0.0068323244601194225,0.053276358903623484,17,1,1,1,0,0,0,0,35,1,7,4,0,0,0,0
11,1143,-1,0.003440472182627697,0.0781666491503743,17,1,1,0,9,0,2,0,15,5,2,0,1,0,0,0
11,1150,-1,0.028520415531059662,0.10672305651136496,9,8,2,0,0,1,1,0,8,3,0,3,0,0,0,0
11,7296,1,0.09512413494672692,0.029238291910064232,4,0,1,0,0,0,0,0,3,1,0,0,0,0,0,0
11,4203,1,0.1467524335192114,-0.0032896813586704107,14,2,1,2,0,2,0,0,9,3,1,2,0,0,0,0
11,1157,1,0.9953860815811072,-0.08019889353666601,10,1,0,0,15,4,2,1,11,0,0,1,2,1,0,1
11,2182,1,0.08663840895942845,0.14236461814908444,3,1,1,0,10,1,0,0,0,2,0,0,1,0,0,0
11,1159,1,0.06935789821380968,0.006309302785042278,8,0,4,0,2,0,0,1,13,0,1,1,0,0,0,0
11,2327,1,0.226844737443572,-0.011792903054101486,4,3,1,0,2,0,0,0,1,5,0,1,0,0,0,0
11,109,1,0.03453110711970617,0.06257517980804472,6,11,0,1,4,0,1,0,5,12,1,6,1,0,0,0
11,146,1,0.9953860815811072,-0.08019889353666601,9,0,1,0,20,3,1,1,12,0,3,0,0,1,0,0
11,147,1,0.003394067430636677,0.031634368226761016,18,0,0,0,13,0,0,0,33,0,6,0,0,0,0,0
11,663,1,0.9953860815811072,-0.08019889353666601,15,0,1,1,3,0,0,2,9,0,5,0,1,0,0,0
11,152,1,0.010373567274966387,0.07227762691340753,7,0,1,0,16,5,1,1,17,0,3,1,1,0,0,0
11,153,1,0.007005810719778054,0.0478253818340194,8,0,0,0,70,2,3,0,8,0,1,1,2,1,1,0
11,4250,1,0.9953860815811072,-0.08019889353666601,4,0,0,0,8,0,0,0,1,0,1,0,2,0,0,0
11,1903,1,0.9953860815811072,-0.08019889353666601,3,0,0,0,9,0,0,0,4,0,0,0,3,0,0,0
11,156,1,0.0010699533410062608,0.006635903604624587,24,2,1,0,10,3,0,0,18,3,2,3,0,0,0,0
11,162,1,0.9953860815811072,-0.08019889353666601,6,0,0,0,34,18,0,7,7,0,0,0,3,3,0,0
