412,3038,1,0.9953860815811072,-0.08019889353666601,0,1,1,0,0,0,1,0,0,0,0,0,0,0,0,0
464,3038,-1,0.004922355037627542,0.1199299097020054,0,2,2,1,0,0,0,0,3,0,0,0,0,0,0,0
1764,3038,1,0.09288853190827157,0.13841063499416073,1,0,0,0,1,0,0,0,3,0,1,2,0,0,0,0
2147,3038,-1,0.00010041480214091053,0.001017230164165171,1,1,0,0,1,0,0,0,3,1,0,0,0,0,0,0
3032,3038,1,0.10716861999814753,0.10630675639689363,2,3,0,0,2,0,0,0,0,0,0,0,0,0,0,0
3038,441,1,0.9953860815811072,-0.08019889353666601,0,0,0,0,2,0,0,0,2,0,0,0,0,0,0,0
3038,3028,1,0.9953860815811072,-0.08019889353666601,2,0,0,0,0,0,0,0,1,0,0,0,0,0,0,0
3038,1500,1,0.9953860815811072,-0.08019889353666601,0,0,0,0,2,0,0,0,2,1,1,2,0,0,0,0
3300,3038,-1,0.006794682925384105,0.5355847964676185,0,0,1,1,0,0,1,0,0,0,0,0,0,0,0,0
3507,3038,1,0.14518166909920044,0.42131116897993576,2,1,0,0,0,0,0,0,0,0,0,1,0,0,0,0
3722,3038,1,0.2806407761920813,0.0028641848030132315,0,1,0,0,2,0,0,0,6,0,0,3,0,0,0,0
4267,3038,-1,0.005856709119394435,0.09746262332870947,0,1,1,0,0,0,0,0,2,1,0,0,0,0,0,0
4347,3038,1,0.2522898864617565,0.17326076063750753,2,5,0,0,0,0,0,0,0,0,0,0,0,0,0,0
4369,3038,1,0.07216256729220166,0.01762008652257452,0,0,0,0,0,0,0,0,0,0,0,0,0,0,0,0
5583,3038,-1,0.03415798054284762,0.0698850402061793,0,0,1,0,0,0,0,0,1,1,0,2,0,0,0,0
5849,3038,1,0.055093480528247016,0.02816792554954326,1,0,0,0,0,0,0,0,1,0,0,0,0,0,0,0
5855,3038,1,0.08575809150425383,0.00678648656629703,0,0,0,0,0,0,0,0,0,0,0,0,0,0,0,0
5865,3038,-1,0.011685410616092164,0.12748116801178924,0,1,1,0,0,0,1,0,0,0,0,0,0,0,0,0
5912,3038,1,0.06215677140393554,0.04630252509826548,1,0,0,0,0,0,0,0,0,0,0,0,0,0,0,0
6116,3038,1,0.08286345489586862,0.07635844622675025,1,1,0,0,0,0,0,0,0,0,0,0,0,0,0,0
6186,3038,-1,0.011744132061906144,0.15665103116842952,0,0,0,0,0,0,0,0,2,2,0,0,0,0,0,0
6793,3038,-1,0.003466270920057812,0.08019734133226246,0,0,0,0,0,0,0,0,0,0,0,0,0,0,0,0
7039,3038,-1,0.008416640975241486,0.13978285701827262,0,0,0,0,0,0,0,0,0,0,0,0,0,0,0,0
7417,3038,1,0.042134354770565034,0.04067875314445697,0,0,0,0,0,0,0,0,0,0,0,0,0,0,0,0
11,5583,-1,0.008744144743625065,0.0981958210702927,0,1,0,1,3,2,0,0,0,1,0,0,0,0,0,0
11,976,1,0.9953860815811072,-0.08019889353666601,7,0,2,1,1,0,0,0,6,1,3,0,0,0,0,0
11,465,1,0.0014752804022525132,0.0119258963177919,15,1,2,0,0,0,0,0,25,0,5,3,0,0,0,0
11,2007,1,0.03921523440594606,0.029187913920299076,6,0,0,0,14,5,2,1,6,2,2,1,4,0,0,0
11,478,1,0.9953860815811072,-0.08019889353666601,5,0,1,0,3,0,1,0,3,0,0,0,0,1,0,0
11,1701,1,0.9953860815811072,-0.08019889353666601,9,0,2,0,6,1,1,0,13,0,4,0,4,0,0,0
11,2018,-1,0.005366432133996879,0.11616391545630834,0,3,1,0,1,0,0,0,1,1,0,0,0,0,0,0
11,2019,-1,0.0015968771024990475,0.029711336806268782,6,4,1,0,0,0,0,0,4,3,1,1,0,0,0,0
11,487,1,0.0054617905271569225,0.00621085410400212,17,0,2,0,15,3,1,1,19,3,7,1,4,0,1,0
11,1000,1,0.0027829290564549193,0.006158150378645417,6,0,1,0,52,13,2,7,12,0,2,0,11,2,2,0
11,4105,1,0.004983600660569749,0.04072714350041367,7,1,2,0,1,1,0,0,3,5,1,0,0,0,0,0
11,3055,1,0.0579213515490481,0.14696603422901086,5,1,0,0,1,2,0,0,4,0,2,0,1,0,0,0
11,501,1,0.3470254556612776,0.06431232569181701,11,0,1,0,10,2,0,1,12,0,7,0,0,0,0,0
11,1014,1,0.001833100911612049,0.014622294962198603,12,5,1,0,9,2,0,1,11,6,1,6,3,0,1,0
11,2552,1,0.011991596362793134,0.13383373876109886,3,4,0,0,6,1,0,0,6,8,3,5,0,0,0,0
11,505,1,0.016639457116124873,0.025085738012197756,28,0,1,0,0,0,0,0,33,0,7,1,0,0,0,0
11,1019,-1,0.00491984784316172,0.09090472471023536,0,3,0,1,4,0,0,0,3,5,1,1,0,0,0,0
12,11,1,0.04845967421262034,0.03939661933559512,1,0,0,0,30,6,5,0,16,4,6,4,19,1,1,0
12,706,1,0.06429415587441878,0.02629973270227192,13,0,3,0,1,1,0,0,22,4,4,3,1,0,0,0
12,782,-1,0.0053191172272334395,0.10267811873667806,1,4,0,0,0,0,0,0,2,6,1,4,0,0,0,0
12,399,1,0.03825078656549755,0.07874950716242536,8,2,1,0,1,0,0,0,17,0,4,2,0,0,0,0
12,528,1,0.05724651252353068,0.00912940579819928,4,0,2,0,10,1,0,1,12,1,3,2,5,0,3,0
12,4498,-1,0.004225619821933981,0.0687708526344328,0,0,0,0,0,0,0,0,0,1,0,0,0,0,0,0
12,147,1,0.06348691392246199,0.02482055196591666,6,0,1,0,15,0,1,0,13,0,4,1,0,0,0,0
12,660,-1,0.006919810925119,0.09875196780898872,0,2,0,0,0,0,0,0,0,0,0,1,0,0,0,0
12,279,1,0.07484139705636672,0.03918645992912682,6,1,2,0,6,1,1,1,16,8,2,3,1,0,1,0
12,536,1,0.05114794239300693,0.033301235399856695,4,1,2,0,17,2,0,1,28,0,4,5,1,1,0,1
12,156,1,0.2806407761920813,0.0028641848030132315,6,1,2,0,11,3,0,0,34,3,4,7,0,0,0,1
12,1185,-1,0.10181809772541138,0.01279381733125436,0,2,0,0,0,0,0,0,2,0,1,3,0,0,0,0
12,36,1,0.07546320086212914,0.1436822352976938,5,0,1,0,12,0,0,0,11,8,4,3,1,0,0,0
12,165,1,0.037782190220171166,0.022928011046495937,0,4,1,0,17,5,1,3,9,11,0,5,11,0,2,1
12,806,1,0.2806407761920813,0.0028641848030132315,12,0,2,0,8,0,0,0,33,0,5,0,2,0,0,0
12,327,1,0.040215276162200025,0.1270991935841598,5,1,1,0,10,3,1,1,19,5,4,4,2,0,0,0
12,691,1,0.043979810311401336,0.02323771815249621,3,0,2,1,15,2,0,0,23,10,5,4,3,2,2,0
12,236,1,0.089331641035373,0.024181794032707052,5,2,1,0,14,4,2,1,25,3,2,4,0,2,1,1
12,393,-1,0.013072148048548908,0.12492656376324705,1,0,0,0,15,2,2,0,2,4,0,2,3,1,1,0
12,189,1,0.11730499681011035,0.07191765913013103,9,0,3,0,5,0,0,0,42,0,6,0,0,0,0,0
12,831,-1,0.004981444261731651,0.10357420039884783,1,2,0,0,3,0,0,0,6,2,0,1,0,0,0,1
12,705,1,0.057682155819053,0.02862818212966128,4,0,2,0,0,1,0,0,19,0,5,0,0,0,0,0
12,322,1,0.03563586801930363,0.08620685529969839,8,4,2,0,0,0,0,0,23,3,6,2,0,0,0,0
12,580,1,0.05286403671706935,0.09925202439637072,8,1,1,0,3,1,0,0,25,1,7,0,0,1,0,0
12,1121,1,0.03711769107729528,0.09614122480439764,7,4,4,0,0,0,0,0,20,2,4,6,0,0,0,0
12,328,1,0.18995504244184366,0.02800355733377471,9,0,2,0,11,0,1,0,15,0,4,1,2,0,1,0
12,1353,-1,0.003302470054167213,0.08447305331558,0,0,1,0,0,0,0,0,0,2,0,1,0,0,0,0
12,714,1,0.03663449326016649,0.030134642717503064,8,0,1,0,3,2,0,0,17,0,6,1,0,0,0,0
12,76,1,0.09864539681486227,0.016888309956726966,2,0,1,0,35,0,2,1,25,0,4,0,2,0,1,0
12,1229,-1,0.041149227010600406,0.18678272105462354,0,1,1,0,0,0,0,0,3,6,0,2,0,0,0,0
12,465,1,0.17548582654444206,0.023721375980049524,9,0,0,0,0,0,0,0,12,1,2,3,0,0,0,0
12,212,-1,0.005779362577818349,0.18890628141823934,8,2,1,0,1,0,1,0,15,5,5,3,0,0,0,0
12,598,1,0.07207342271189134,0.05302252216538626,7,0,1,0,1,1,0,1,12,1,5,0,0,0,0,0
12,215,1,0.226844737443572,-0.011792903054101486,2,2,0,0,7,0,1,0,4,3,2,3,2,0,1,0
12,600,1,0.09869084329579997,0.02310766657863721,10,0,0,0,2,0,1,0,20,0,5,1,0,0,0,0
12,601,1,0.06962094445221317,0.0259177628008852,8,0,2,0,10,0,0,0,36,0,9,1,3,0,2,0
12,527,1,0.10935489728392896,0.0040121923324257115,14,0,2,0,1,0,0,0,28,0,4,1,1,0,0,0
12,220,1,0.05277606626782253,0.057256350507500615,1,2,0,0,32,2,2,5,8,3,1,4,24,1,3,0
12,733,1,0.226844737443572,-0.011792903054101486,4,1,2,0,2,1,0,1,11,2,2,2,0,0,0,0
12,353,1,0.04790609348433466,0.05220678302003828,3,0,0,0,16,0,3,1,25,0,3,0,4,0,0,0
12,1250,1,0.047004848183554535,0.07259402101261901,2,7,2,1,0,0,0,0,9,4,5,2,0,0,0,0
12,100,1,0.07628451199970128,0.10078103669847788,5,0,2,0,9,1,1,2,15,0,4,0,0,0,0,0
12,1205,1,0.0404305464855774,0.12529271314372445,6,1,1,1,0,0,0,1,19,9,3,6,0,0,0,0
12,387,1,0.226844737443572,-0.011792903054101486,3,0,0,0,4,1,1,5,3,4,0,3,1,1,1,0
12,109,-1,0.005387684075849761,0.15681483111937078,2,5,1,0,4,0,0,0,6,9,2,1,1,0,0,0
12,1006,1,0.08976873934293543,0.10303259995839814,14,0,3,0,0,0,0,0,17,0,3,0,0,0,0,0
12,239,-1,0.028847887316658563,0.0876903462980363,6,0,2,1,26,3,1,1,22,8,4,6,3,2,0,0
12,498,-1,0.009846673912787459,0.12164613517585235,1,1,1,1,3,0,1,0,4,3,4,1,1,2,0,0
12,1278,-1,0.005325968093554595,0.08384464149625538,0,0,0,0,0,0,1,0,1,4,0,1,0,0,0,0
12,630,1,0.04218037372105928,0.04471845907446408,13,1,0,0,0,0,0,0,15,2,2,1,0,0,0,0
12,505,1,0.054351201301677136,0.09085341844818397,14,0,1,0,1,0,0,0,21,0,2,1,0,0,0,0
12,217,-1,0.047204332323578416,0.8288810786994366,0,1,0,0,22,4,3,1,2,26,1,6,0,3,1,0
12,379,1,0.046176837060315216,0.03412705227007902,8,0,1,0,14,1,0,1,21,0,5,0,0,1,0,0
12,1150,1,0.05486685161226841,0.02874260923694193,4,2,1,1,2,0,0,0,11,7,1,7,0,1,0,0
13,705,1,0.07173291023828403,0.03933097125624836,4,0,1,0,0,1,0,0,0,0,0,0,0,0,0,0
13,322,1,0.04180651915707995,0.10224606248507162,7,1,1,0,0,0,0,0,0,0,0,0,0,0,0,0
13,328,1,0.08346885486848624,0.024609627788952853,3,0,0,0,4,0,0,0,0,0,0,0,0,0,0,0
13,203,1,0.2737831602651912,0.2472973288952777,4,0,0,0,4,0,1,1,0,0,0,0,0,0,0,0
13,76,1,0.08160559319415439,0.035004700479946735,4,0,1,0,8,0,0,0,0,0,0,0,0,0,0,0
13,858,1,0.1029023510198765,-0.0023154995734934393,0,1,0,0,8,0,3,0,0,0,0,0,0,0,0,0
13,347,1,0.2737831602651912,0.2472973288952777,5,0,1,0,5,0,0,0,0,0,0,0,0,0,0,0
13,220,1,0.027281446977107847,0.2581983811561286,1,1,0,1,16,1,1,1,0,0,0,0,0,0,0,0
13,353,1,0.15293166423796484,-0.0036511261282416046,3,0,0,0,8,0,0,0,0,0,0,0,0,0,0,0
13,1019,-1,0.01931349646426395,0.4342278254110872,0,0,0,0,1,0,0,0,0,0,0,0,0,0,0,0
13,743,1,0.09861423401209196,0.1422355291470804,4,0,0,0,0,0,0,0,0,0,0,0,0,0,0,0
13,871,1,0.4655295075352947,0.5419557370767182,1,0,1,0,5,0,1,0,0,0,0,0,0,0,0,0
13,236,1,0.03693854973774911,0.2744203563687932,3,1,1,0,5,1,0,0,0,0,0,0,0,0,0,0
13,2029,-1,0.03307975523046055,0.4801347276470487,0,1,0,0,0,0,0,0,0,0,0,0,0,0,0,0
13,239,1,5.196439743041172e-06,0.00012164872566266509,3,1,1,0,9,1,1,0,0,0,0,0,0,0,0,0
13,1392,1,0.13077087250241193,0.22352899146782504,3,0,0,0,3,0,0,0,0,0,0,0,0,0,0,0
13,501,1,0.13601734523061731,0.18182680443307972,3,0,0,0,2,1,0,0,0,0,0,0,0,0,0,0
13,630,1,0.2269877487410337,-0.01035152096409496,6,0,0,0,0,0,0,0,0,0,0,0,0,0,0,0
13,2552,-1,0.13858137570337786,0.4360896134552372,2,0,0,0,0,1,0,0,0,0,0,0,0,0,0,0
13,1531,1,0.05582532418730474,0.13270075129001355,1,0,1,0,0,0,0,0,0,0,0,0,0,0,0,0
14,11,1,0.2258122476163993,0.26824779576264,6,1,1,0,60,8,4,1,1,0,0,0,1,0,0,0
14,2562,1,0.07406950824439837,0.10273324063612936,7,2,1,0,0,0,0,0,2,0,0,0,0,0,0,0
14,256,1,0.009491515210262886,0.15240960151237906,10,2,1,0,44,17,2,3,3,0,0,0,0,0,0,0
14,527,1,0.13930302874649264,0.19917338705379367,18,0,0,0,1,0,0,0,1,0,0,0,0,0,0,0
14,528,1,0.2276400959106345,0.5089236958047476,5,0,0,0,18,1,0,0,0,0,0,0,0,0,0,0
14,5208,1,0.18221788739881964,0.2702119571155359,2,4,0,0,0,0,0,0,0,1,0,0,0,0,0,0
14,530,1,0.18872311384180349,0.2435852205580129,10,0,2,0,2,1,0,0,0,0,0,0,0,0,0,0
14,601,1,0.07668858772789656,0.1743578455234147,18,0,0,0,13,0,0,0,1,0,0,0,0,0,0,0
14,8729,-1,0.009198130311954121,0.18839198346445601,4,1,0,0,0,0,0,0,6,0,0,0,0,0,0,0
14,6687,1,0.3470254556612776,0.06431232569181701,8,0,0,0,1,0,0,0,8,2,0,0,0,0,0,0
14,1200,1,0.06425300958825819,0.11368831087383788,12,0,0,0,0,0,0,0,1,0,0,0,0,0,0,0
14,546,1,0.06649059114751547,0.1342153948497644,2,5,1,1,2,0,0,0,1,0,0,0,0,0,0,0
14,37,1,0.2301678398870121,0.3286846469614065,19,0,3,0,48,1,5,5,0,0,0,0,0,0,0,0
14,1062,1,0.1630692501727699,0.0008526047911913642,6,0,0,0,24,0,2,0,8,2,0,0,14,0,0,0
14,3505,1,0.2543948750274991,0.2606781571796372,0,0,0,0,2,0,0,0,1,0,0,0,0,1,0,0
14,552,1,0.3046577001269479,0.034214393451926554,15,0,1,0,9,0,0,0,2,0,0,0,0,0,0,0
14,41,1,0.17540987287537513,0.2046908483610934,4,0,1,0,25,0,1,0,0,0,0,0,0,0,0,0
14,3119,1,0.2688455212549553,0.512149069692695,17,0,0,0,0,0,0,0,1,0,0,0,0,0,0,0
14,5680,1,0.2301678398870121,0.3286846469614065,4,0,0,0,0,0,1,0,4,0,0,0,0,0,0,0
14,1585,1,0.19233023448237774,0.2881053444572473,12,0,0,0,2,0,0,0,2,0,0,0,0,0,0,0
14,5171,1,0.11944457908019512,0.06402812066573775,7,0,0,0,2,0,1,0,8,1,0,0,3,3,0,0
14,2142,1,0.1530569732983829,0.21951617688689687,7,0,0,0,32,6,0,4,1,0,0,0,0,0,0,0
14,4662,1,0.2383058126583056,0.34038481894007816,1,0,0,0,1,0,0,0,1,1,0,0,0,0,0,0
14,1596,1,0.19478607177359314,0.2731861452958376,22,0,1,0,15,0,0,0,1,0,0,0,0,0,0,0
14,575,1,0.1481557616496967,0.20967139182848205,19,3,1,0,7,1,0,0,0,1,0,0,0,0,0,0
14,576,1,0.07580438415641252,0.032746720760118184,1,0,0,0,58,24,4,8,7,0,0,0,5,1,0,0
14,577,1,0.4655295075352947,0.5419557370767182,16,0,1,0,20,0,3,0,1,1,0,0,0,0,0,0
14,580,1,0.4655295075352947,0.5419557370767182,12,0,0,0,3,1,0,0,1,0,0,0,0,0,0,0
14,1097,1,0.15714959138120385,0.08196637260718392,12,0,1,0,0,0,0,0,2,0,0,0,0,0,0,0
14,2487,1,0.057637244300537877,0.10501564785377483,5,0,1,1,40,8,3,5,1,0,0,0,0,0,0,0
14,1618,1,0.17627808827391167,0.28003222409905515,21,0,3,1,1,0,0,0,1,0,0,0,1,0,0,0
14,1619,1,0.21462657473795024,0.3073764523964456,18,1,3,0,13,2,1,1,1,0,0,0,0,1,0,0
14,1623,-1,0.0076817860057312535,0.2529401482482652,2,7,0,0,37,2,1,4,0,2,0,0,0,0,0,0
14,600,1,0.4655295075352947,0.5419557370767182,13,0,0,0,0,0,1,0,0,0,0,0,0,0,0,0
14,1625,1,0.07409659061821043,0.19071431861075894,10,4,2,0,5,2,0,2,2,0,0,0,0,0,0,0
14,602,1,0.2360985246801809,0.275715252786313,19,0,3,0,25,6,0,2,0,0,0,0,0,0,0,0
14,2139,1,0.0918184271643032,0.1321736486236875,10,4,2,0,21,3,2,2,2,0,0,0,0,0,0,0
14,3676,1,0.0706469926239773,0.13315482505752926,13,0,0,0,0,0,0,0,0,0,0,0,0,0,0,0
14,605,1,0.4655295075352947,0.5419557370767182,4,4,0,0,16,2,0,0,0,1,0,0,0,0,0,0
14,1630,1,0.4655295075352947,0.5419557370767182,8,0,2,0,1,0,0,0,0,0,0,0,0,0,0,0
14,1121,1,0.06185458483441356,0.152378203072005,12,4,0,0,0,0,0,0,1,1,0,0,0,0,0,0
14,3682,1,0.30843767816108364,0.2460718946729191,1,0,0,0,26,0,1,0,5,0,0,0,16,1,0,0
14,611,1,0.07234342958788277,0.09877220034649092,12,0,0,0,31,1,4,0,2,0,0,0,0,0,0,0
14,100,1,0.2521137575125213,0.304266597527928,9,0,2,1,8,0,0,0,0,0,0,0,0,0,0,0
14,1125,1,0.1086912498770372,0.1532856290119806,11,0,0,0,7,0,0,0,2,0,0,0,0,0,0,0
14,105,1,0.08118961579864613,0.1342017748554933,9,3,2,0,4,2,0,0,0,7,0,0,0,0,0,0
14,3690,-1,0.09043197191795356,0.19883104997622772,0,6,1,1,2,0,1,0,0,0,0,0,0,0,0,0
14,1554,1,0.08587574197907567,0.151365632540431,10,3,1,0,0,0,0,0,1,0,0,0,0,0,0,0
14,1646,1,0.2688455212549553,0.512149069692695,5,3,0,0,1,0,1,0,1,0,0,0,0,0,0,0
14,111,1,0.02197450049447519,0.07439776981796234,12,6,0,0,22,4,0,2,2,0,0,0,0,0,0,0
14,628,1,0.12125780202894945,0.1617052149610655,9,9,1,0,8,0,0,0,2,0,0,0,0,0,0,0
14,630,1,0.07271114463125075,0.17663545067408748,8,1,0,0,0,0,0,0,1,1,0,0,0,0,0,0
14,119,-1,0.010072673772812336,0.3252982394377561,0,5,0,1,1,1,0,0,0,1,0,0,0,0,0,0
14,5240,1,0.17819416993985324,0.44319940385645373,1,2,0,0,0,0,0,0,0,0,0,0,0,0,0,0
14,2154,1,0.1723639634924153,0.33124515634955626,3,1,0,0,19,0,0,0,2,0,0,0,0,0,0,0
14,1662,1,0.14487103303207655,0.4157099925021155,16,2,1,0,1,1,1,0,2,0,0,0,0,0,0,0
14,8320,1,0.033970184315305275,0.007204742932334733,7,0,0,0,5,0,1,0,14,0,0,0,2,0,0,0
14,1153,1,0.2144863638508976,0.2531449417108688,16,2,2,0,22,0,1,1,1,0,0,0,0,0,0,0
14,4227,1,0.26165484620882545,0.4133570210021864,4,1,0,0,5,0,0,0,0,0,0,0,0,1,0,0
14,5764,1,0.13069979987982505,0.15827702684923647,4,3,0,0,22,1,0,0,9,4,0,0,20,0,0,0
14,134,1,0.2771237084345722,0.3475906259171431,10,0,0,0,0,1,0,0,0,0,0,0,0,0,0,0
14,135,1,0.31462483532130603,0.4219793776272023,6,3,0,0,11,0,1,0,0,0,0,0,0,0,0,0
14,5828,1,0.15278926023432365,0.04559246934659999,16,1,0,0,8,0,0,0,19,6,0,0,3,0,0,0
14,2187,1,0.2383058126583056,0.34038481894007816,0,0,0,0,60,2,5,2,14,4,0,0,26,1,0,0
14,1164,1,0.14952277802229438,0.19755140143234656,14,0,3,0,4,0,0,0,1,0,0,0,0,0,0,0
14,109,-1,0.008525938004487114,0.11810430226193384,3,5,0,0,6,0,0,0,1,0,0,0,1,0,0,0
14,8336,1,0.2710611845064,0.32032472352503377,10,0,0,0,6,0,0,0,18,0,0,0,1,0,0,0
14,2705,1,0.2276400959106345,0.5089236958047476,9,0,0,0,10,3,0,1,10,0,0,0,7,0,0,0
14,146,1,0.15746725229492886,0.3788126924672858,11,0,0,0,18,2,0,0,1,0,0,0,0,0,0,0
14,147,1,0.21062107206938688,0.3337219471212685,10,0,0,0,10,0,0,0,0,1,0,0,0,0,0,0
14,663,1,0.17989187345489596,0.2570681555392456,14,0,1,1,2,0,1,0,2,0,0,0,0,0,0,0
14,3225,1,0.2360985246801809,0.275715252786313,19,7,3,0,0,0,0,0,4,2,0,0,0,0,0,0
14,8573,1,0.11375922944937193,0.04675838086926303,7,0,0,0,0,0,0,0,9,0,0,0,0,0,0,0
14,3441,1,0.1087321522289084,0.15590394114320122,7,0,0,0,11,0,0,0,10,0,0,0,5,0,0,0
14,3242,1,0.22524215700626546,0.3891901446461261,12,0,0,0,0,0,0,0,2,0,0,0,0,0,0,0
14,18,1,0.2301678398870121,0.3286846469614065,5,0,0,0,53,0,6,1,3,0,0,0,0,0,0,0
14,3245,1,0.07401367982457431,0.18720390268833412,12,4,0,0,2,0,0,0,2,0,0,0,0,0,0,0
14,285,1,0.1187790316036205,0.1761229872762821,10,0,2,0,12,5,0,0,2,0,0,0,0,0,0,0
14,176,1,0.19383054168147734,0.2272343052198715,5,0,1,0,27,4,3,1,0,0,0,0,0,0,0,0
14,691,1,0.1980787843222284,0.3485583416795594,14,5,0,0,9,2,1,0,1,0,0,0,0,0,0,0
14,2228,1,0.15436275575426875,0.18013800262410876,9,0,1,0,23,2,0,3,2,0,0,0,0,0,0,0
14,7455,1,0.17564435260050765,0.30577419562443603,2,1,0,0,8,0,0,1,6,2,0,0,4,0,0,0
14,188,1,0.19384090376173832,0.3727842754250997,9,0,1,0,59,2,3,1,0,1,0,0,0,0,0,0
14,190,1,0.12359953807627333,0.4179492179533001,1,3,1,2,13,1,0,0,0,1,0,0,0,0,0,0
14,4799,1,0.10116324445148922,-0.0020552136130609386,3,0,0,0,6,5,0,0,3,0,0,0,6,4,0,0
14,1217,1,0.2109567641832621,0.27192991880645545,21,3,1,0,4,0,0,1,5,0,0,0,0,0,0,0
14,2242,1,0.13845622164329682,0.3085100866826638,25,0,2,0,5,1,2,0,2,0,0,0,0,0,0,0
14,5827,1,0.1838549252783926,0.06334253371625244,3,0,1,0,1,0,0,0,1,1,0,0,0,0,0,0
14,2244,1,0.05528032571709195,0.10982287066541814,14,1,1,0,18,1,1,1,1,0,0,0,1,0,0,0
14,2246,1,0.1442207908461624,0.2116033695780452,5,8,0,1,16,0,0,0,1,2,0,0,0,0,0,0
14,1228,-1,0.014591782001498212,0.22675331744280103,12,5,2,1,0,1,0,0,0,0,0,0,0,0,0,0
14,2260,1,0.2276400959106345,0.5089236958047476,18,0,2,0,0,0,0,0,2,0,0,0,0,0,0,0
14,726,1,0.05410064873310418,0.12459188852417236,6,0,0,0,30,1,0,3,1,0,0,0,0,0,0,0
14,215,1,0.12437513338062058,0.2317555622656443,1,0,0,0,6,0,1,0,0,1,0,0,0,0,0,0
14,1754,1,0.07166113155130235,0.15189458749534773,11,0,1,0,0,0,0,0,1,0,0,0,0,0,0,0
14,220,1,0.12985039304643425,0.30835856933451466,1,2,0,1,112,4,9,3,0,2,0,0,0,0,0,0
14,3293,1,0.2276400959106345,0.5089236958047476,10,0,1,0,0,0,0,0,3,0,0,0,0,0,0,0
14,1759,1,0.11980730187949815,0.17400676951486402,11,0,0,0,0,0,0,0,1,0,0,0,0,0,0,0
14,226,1,0.16352152716718296,0.21709383318320485,19,3,0,0,25,0,0,0,1,1,0,0,1,0,0,0
14,2788,1,0.06070687042177717,0.030562044675152493,5,6,0,0,0,0,0,0,1,0,0,0,0,0,0,0
14,234,1,0.15706344758303953,0.3857200244480207,10,0,0,0,14,3,0,1,1,0,0,0,0,0,0,0
14,236,1,0.28953768546180336,0.3639673127102909,13,0,0,0,9,4,1,0,1,0,0,0,0,0,0,0
14,3002,1,0.17187809360472525,0.2103394067277788,9,8,1,0,6,2,0,0,4,7,0,0,0,0,0,0
14,239,1,0.4655295075352947,0.5419557370767182,13,4,0,0,16,2,1,0,1,1,0,0,0,0,0,0
14,2288,-1,0.023749333723528932,0.3403905724647063,1,2,0,0,1,0,1,0,0,1,0,0,0,0,0,0
14,3314,-1,0.010953028553821458,0.1553802963917324,11,3,3,0,2,0,0,0,1,1,0,0,0,0,0,0
14,1781,1,0.19017257667633916,0.2649773704154019,12,0,1,0,1,0,0,0,0,0,0,0,0,0,0,0
14,6731,1,0.2286500775722681,0.27501069109471543,4,0,0,0,14,1,0,1,10,0,0,0,11,1,0,0
14,1271,1,0.08834838913880955,0.11847321901269127,10,4,2,0,2,0,0,0,1,2,0,0,0,0,0,0
14,761,1,0.14773227578837134,0.22449552040586154,15,0,0,0,3,0,1,0,2,0,0,0,0,0,0,0
14,2816,1,0.09311041665776217,-0.006067479822138248,18,0,1,0,14,3,2,1,2,0,0,0,0,0,0,0
14,260,-1,0.008988932069971079,0.1515785647505149,5,2,0,0,37,2,5,1,1,0,0,0,0,0,0,0
14,2689,1,0.08350297754154827,0.13657077873746656,15,0,0,0,1,3,1,0,2,0,0,0,0,0,0,0
14,2827,-1,0.011013981050494144,0.15953590028982606,9,10,1,1,0,0,0,0,0,2,0,0,0,0,0,0
14,268,1,0.2352781597616985,0.3378171831522301,10,5,3,1,31,1,0,1,1,0,0,0,0,0,0,0
14,2834,1,0.07033325063000198,0.08778164289372492,16,3,4,0,0,1,0,0,4,1,0,0,0,0,0,0
14,1301,1,0.21740598993034596,0.32416069067525977,14,0,2,0,5,0,0,0,0,0,0,0,0,0,0,0
14,279,1,0.17568243145003484,0.2246825153815136,7,4,1,0,5,1,0,0,1,1,0,0,0,0,0,0
14,6232,1,0.11188894877529333,0.1709028233348054,4,0,0,0,13,0,0,1,15,0,0,0,13,1,0,0
14,3353,1,0.379861968527641,0.6416305797576985,12,3,0,1,1,0,1,0,0,1,0,0,0,0,0,0
14,1821,1,0.22465722661202525,0.3216930593354436,14,0,0,0,6,1,0,0,1,0,0,0,0,0,0,0
14,287,1,0.23702254060847305,0.34439220928114583,15,6,1,0,6,0,1,0,0,1,0,0,0,0,0,0
14,1825,-1,0.07615287090830854,0.21508564138082736,7,4,0,0,0,0,0,0,1,0,0,0,0,1,0,0
14,1314,1,0.1775801061647987,0.20682915785191144,12,0,2,0,32,10,0,4,0,0,0,0,0,0,0,0
14,804,1,0.2276400959106345,0.5089236958047476,8,0,0,0,9,2,0,0,2,1,0,0,0,0,0,0
14,293,1,0.239526222481877,0.5556686423042154,16,1,2,0,5,2,1,0,1,0,0,0,0,0,0,0
14,561,1,0.06846698988070546,0.10146841836292113,11,7,1,0,18,3,2,2,0,0,0,0,0,0,0,0
14,808,1,0.2538330228608329,0.3066450244342216,13,0,1,0,28,3,0,1,2,0,0,0,0,0,0,0
14,5852,1,0.239526222481877,0.5556686423042154,1,0,0,0,25,2,1,0,12,1,0,0,22,2,0,0
14,300,1,0.14869424416318588,0.18532819100386527,3,1,2,0,78,3,2,2,2,1,0,0,0,0,0,0
14,3889,1,0.2698269840577833,0.6928625614782575,0,0,1,0,1,0,0,0,2,0,0,0,0,0,0,0
14,9404,1,0.2276400959106345,0.5089236958047476,10,3,0,0,0,0,0,0,20,1,0,0,0,0,0,0
14,478,1,0.4655295075352947,0.5419557370767182,4,0,0,0,3,0,0,0,0,0,0,0,0,0,0,0
14,312,1,0.14244437743357094,0.3887166605878869,13,1,1,0,1,1,0,0,0,0,0,0,0,0,0,0
14,1337,1,0.20886684500938185,0.2485009997871453,3,0,0,0,6,1,1,0,17,0,0,0,4,0,0,0
14,826,1,0.05289273376166245,0.08485606067222576,1,2,0,0,8,1,0,0,0,1,0,0,0,0,0,0
14,3386,1,0.20596745613150824,0.4169159382539658,14,0,1,0,0,0,0,0,1,0,0,0,0,0,0,0
14,316,1,0.2360985246801809,0.275715252786313,6,0,1,0,30,3,1,1,0,0,0,0,0,0,0,0
14,317,-1,0.013560902938744764,0.22875811864860865,7,2,0,0,22,5,1,0,0,0,0,0,0,0,0,0
14,4926,-1,0.009356523620973537,0.14256148751233433,1,5,0,0,0,0,0,0,1,4,0,0,0,0,0,0
14,7999,1,0.13492971862124925,0.016531853940048656,5,0,0,0,6,0,0,0,12,0,0,0,1,1,0,0
14,4417,1,0.15661763929732705,0.2783814231930833,3,1,0,1,2,0,0,0,2,1,0,0,0,0,0,0
14,3909,-1,0.020522475162227785,0.35151073740630545,0,4,0,0,0,0,0,0,0,0,0,0,0,0,0,0
14,4935,1,0.2806407761920813,0.0028641848030132315,4,0,0,0,12,1,0,0,3,4,0,0,6,0,0,0
14,328,1,0.1978759952575944,0.26823889129295997,14,0,1,0,15,0,0,1,1,0,0,0,0,1,0,0
14,1866,-1,0.01766845438415731,0.28030012149924544,3,5,0,0,0,0,0,0,0,0,0,0,0,0,0,0
14,332,1,0.2698269840577833,0.6928625614782575,13,0,1,0,12,0,0,0,0,0,0,0,0,0,0,0
14,847,1,0.21809734704252529,0.31028181910112634,15,0,0,0,19,9,1,0,2,0,0,0,0,0,0,0
14,1873,1,0.05024945323492764,0.11373782546081965,15,3,1,0,11,4,2,0,1,0,0,0,0,0,0,0
14,2901,1,0.2610083301813999,0.5652571554385886,8,0,1,0,1,0,0,0,2,0,0,0,0,0,0,0
14,1682,1,0.05491108056915006,0.1084427047031128,1,2,0,1,30,5,3,2,0,0,0,0,0,0,0,0
14,344,1,0.15176432944922266,0.2103080322651652,14,2,1,1,4,0,1,1,1,0,0,0,0,0,0,0
14,345,1,0.1268218906272624,0.23377999924619344,5,1,1,0,12,8,1,1,0,1,0,0,1,0,0,0
14,5825,1,0.174986075948287,0.3793976312909848,7,0,0,0,20,0,1,0,13,0,0,0,12,0,0,0
14,2703,1,0.20119520264941407,0.23649509348670786,6,2,2,1,2,0,0,0,1,1,0,0,0,0,0,0
14,860,1,0.19142904593918492,0.3396015402777309,9,0,2,0,33,1,3,2,2,0,0,0,0,0,0,0
14,349,1,0.21351178344160066,0.2862787265775541,5,0,0,1,57,12,5,5,0,1,0,0,0,0,0,0
14,1888,1,0.18446396030845064,0.25785307527320384,9,0,1,0,6,2,0,1,1,0,0,0,0,0,0,0
14,2913,1,0.06109074183809974,0.09730045958477228,5,0,1,1,3,0,1,0,1,1,0,0,0,0,0,0
14,3942,1,0.3050301010052798,0.4203510034512759,6,0,0,0,4,6,0,0,6,2,0,0,5,2,0,0
14,871,1,0.1712428011332866,0.38423304849361856,9,0,0,0,14,0,0,0,0,0,0,0,0,0,0,0
14,365,1,0.1288202322309678,0.3465951515937995,13,1,0,0,24,1,0,0,1,0,0,0,0,0,0,0
14,829,1,9.380742907105009e-23,2.8970428277509237e-19,10,3,1,0,2,1,1,0,1,0,0,0,0,0,0,0
14,881,1,0.1598162398847129,0.3501190963466555,12,3,1,0,7,1,0,1,0,0,0,0,0,0,0,0
14,375,1,0.21351178344160066,0.2862787265775541,27,21,2,1,1,0,0,0,1,5,0,0,0,0,0,0
14,379,1,0.4655295075352947,0.5419557370767182,14,0,1,0,8,0,0,0,0,0,0,0,0,0,0,0
14,4330,1,0.2276400959106345,0.5089236958047476,1,0,0,0,24,3,0,0,14,0,1,0,16,4,0,0
14,3966,-1,0.014728539737048275,0.258678878075618,0,5,0,0,0,0,0,0,0,1,0,0,0,0,0,0
14,387,1,0.08848872474476398,0.11448833287746915,3,1,0,0,7,1,0,2,0,1,0,0,0,0,0,0
14,3975,1,0.16771198587997682,0.11534697922129608,4,0,0,0,1,0,1,0,6,0,0,0,2,0,0,0
14,7049,1,0.4655295075352947,0.5419557370767182,2,0,0,0,0,0,0,0,0,0,0,0,0,0,0,0
14,1419,1,0.0820432367849285,0.11154350317395506,10,0,2,0,12,2,0,0,0,0,0,0,0,0,0,0
14,1420,1,0.1770127889131393,0.2580875090342597,18,0,3,0,17,0,0,0,1,0,0,0,0,0,0,0
14,399,1,0.08174857446977253,0.14132764822296745,8,2,1,0,1,0,0,0,0,0,0,0,0,0,0,0
14,2962,1,0.17198711477608333,0.21776976878819854,7,1,2,0,18,11,1,5,3,0,0,0,0,0,0,0
14,2453,-1,0.029431136316751764,0.3823012128371282,11,4,1,0,25,8,3,1,4,2,0,0,2,0,0,0
14,68,1,0.23039144366899006,0.3249919765400979,8,4,3,0,27,6,0,1,1,0,0,0,0,0,0,0
14,2970,-1,0.015978983178214067,0.2309537400201624,10,2,1,0,1,0,0,0,1,0,0,0,0,0,0,0
14,414,1,0.1635128696440862,0.35991091026230754,18,0,1,0,5,2,0,1,0,0,0,0,0,0,0,0
14,415,1,0.239526222481877,0.5556686423042154,12,0,1,0,6,2,0,0,0,0,0,0,0,0,0,0
14,2976,1,0.1488588361554655,0.20866018151857246,10,1,0,0,4,0,0,2,0,0,0,0,0,0,0,0
14,1442,1,0.06823602183713154,0.1598842386443296,15,0,2,0,11,1,1,0,1,0,0,0,0,0,0,0
14,8614,1,0.9953860815811072,-0.08019889353666601,2,0,0,0,2,0,0,0,8,1,0,0,0,0,0,0
14,8385,1,0.1167889700362023,-0.001096034128719535,4,0,0,0,5,0,0,0,6,0,0,0,0,0,0,0
14,7154,1,0.9953860815811072,-0.08019889353666601,5,0,0,0,1,0,0,0,9,0,0,0,0,0,0,0
14,5550,1,0.2536569817866663,0.509972997592189,3,0,1,0,1,0,0,0,5,0,0,0,1,0,0,0
14,2480,1,0.3046553920302459,0.5697417731454999,14,0,0,0,0,0,0,0,2,0,0,0,0,0,0,0
14,1457,1,0.14036502624130232,0.2314579438373047,23,0,2,0,0,0,0,0,1,0,0,0,0,0,0,0
14,434,1,0.1103358314401878,0.21756198653263373,4,0,0,0,4,0,1,0,1,1,0,0,0,0,0,0
14,2996,1,0.05685060539148256,0.07951094392608862,6,0,0,0,42,1,3,1,1,0,0,0,0,0,0,0
14,437,1,0.2688455212549553,0.512149069692695,5,0,2,0,25,2,1,2,1,0,0,0,0,0,0,0
14,950,1,0.08790701077684182,0.17412663599454292,4,0,0,0,75,27,4,10,0,0,0,0,0,0,0,0
14,951,1,0.2610083301813999,0.5652571554385886,13,0,1,0,4,0,1,0,1,0,0,0,0,0,0,0
14,1976,1,0.11019727098256492,0.17691899573278552,1,0,0,0,4,0,0,0,1,0,0,0,1,0,0,0
14,442,1,0.05679117094264102,0.11556091313156346,9,3,0,0,4,1,0,0,1,1,0,0,0,0,0,0
14,1439,1,0.109845588565822,0.13629559833410232,13,4,3,0,6,0,0,0,1,1,0,0,1,0,0,0
14,5888,1,0.15039135976479862,0.018740338311200082,6,0,0,0,15,2,1,0,9,2,0,0,5,2,0,0
14,957,1,0.18970816240283064,0.4882285032684233,16,1,1,0,4,0,0,0,0,1,0,0,0,0,0,0
14,4032,-1,0.02144501973113005,0.3233476710190843,1,5,0,1,0,0,0,0,0,0,0,0,0,0,0,0
14,2464,1,0.10966363641059593,0.23353732331972366,3,1,1,0,1,0,0,0,1,0,0,0,0,0,0,0
14,962,1,0.05291456784322617,0.0861163286049611,11,1,0,0,0,0,0,0,0,0,0,0,0,0,0,0
14,1475,1,0.15624415178159926,0.2429344349493812,8,0,1,0,3,1,0,0,2,0,0,0,0,0,0,0
14,964,1,0.2360985246801809,0.275715252786313,8,0,2,0,16,0,0,0,1,0,0,0,0,0,0,0
14,4046,-1,0.014352262063719975,0.197612697575167,5,8,1,0,0,0,0,0,5,2,0,0,1,0,0,0
14,1487,-1,0.02100804745467973,0.3274832300283777,5,8,1,3,26,6,0,1,0,1,0,0,0,0,0,0
14,465,1,0.18446938396411314,0.22708267075818275,7,0,0,1,0,0,0,0,0,1,0,0,0,0,0,0
14,3029,1,0.0434401985423739,0.3480769308217257,9,7,2,0,12,0,0,0,0,1,0,0,0,0,0,0
14,2007,1,0.2710611845064,0.32032472352503377,5,1,0,0,47,5,5,6,0,0,0,0,0,0,0,0
14,9188,1,0.18960213934886253,0.41343514932985664,15,0,0,0,0,0,0,0,20,0,0,0,0,0,0,0
14,2526,1,0.13759342854909126,0.3911774968706304,14,3,2,0,11,1,0,0,4,1,0,0,0,0,0,0
14,6115,1,0.22190782724437347,0.3186069069721034,7,0,0,0,11,2,0,0,14,0,0,0,2,1,0,0
14,5604,-1,0.0051671731457623524,0.07972795832558105,0,3,0,0,0,0,0,0,2,2,0,0,0,0,0,0
14,998,1,0.1617119098932101,0.2288488087281865,19,0,1,0,20,0,2,0,2,0,0,0,0,1,0,0
14,2385,-1,0.004908231430625217,0.27677826955447105,8,4,1,0,2,0,0,0,0,0,0,0,0,0,0,0
14,2026,1,0.18663368569415148,0.2517329698990168,0,1,0,1,0,0,0,0,0,0,0,0,0,0,0,0
14,1005,1,0.9953860815811072,-0.08019889353666601,3,0,0,0,15,0,0,0,4,0,0,0,6,0,0,0
14,1006,1,0.379861968527641,0.6416305797576985,14,0,0,0,2,0,0,0,0,0,0,0,0,0,0,0
14,498,1,0.239526222481877,0.5556686423042154,4,3,0,0,14,4,0,1,0,0,0,0,0,0,0,0
14,5620,1,0.16973901730120133,-0.0029752622806123443,5,0,0,0,7,3,0,0,2,2,0,0,8,0,0,0
14,501,1,0.2386253762299655,0.3429643223249787,14,0,1,0,6,3,0,0,2,0,0,0,0,0,0,0
14,1014,1,0.024703040428418924,0.02895887418639028,11,5,1,1,26,3,1,1,0,0,0,0,1,0,0,0
14,505,1,0.07331484620699902,0.1321658176341407,15,0,0,0,1,0,0,0,0,0,0,0,0,0,0,0
15,134,1,0.16943217395394572,0.09336166169279783,7,0,2,0,0,0,0,0,0,0,0,0,0,0,0,0
15,135,1,0.0031156437434229057,0.03599900711001782,2,2,0,0,6,0,1,0,0,0,0,0,0,0,0,0
15,8,1,0.005091420652945928,0.0455236305125795,6,0,3,0,4,0,0,0,0,0,0,0,0,0,0,0
15,9,1,0.08299916944543344,0.04677383546331795,1,0,0,0,22,5,2,1,0,0,0,0,0,0,0,0
15,11,1,0.09038793236880842,0.11121287404593896,2,0,0,0,22,3,5,0,0,0,0,0,0,0,0,0
15,399,1,0.13666940329973534,0.0016024659219398467,9,2,3,0,1,0,0,0,0,0,0,0,0,0,0,0
15,528,1,0.01291178843514348,0.0327505268606607,4,0,2,0,5,1,0,0,0,0,0,0,0,0,0,0
15,147,1,0.04238397888575749,0.0014000593599312876,5,0,2,0,9,0,0,0,0,0,0,0,0,0,0,0
15,661,1,0.14440860555562965,0.18956688175661413,1,1,1,0,0,0,0,0,0,0,0,0,0,0,0,0
15,279,1,0.0516242988705824,0.06855191248347711,5,2,1,0,7,1,0,1,0,0,0,0,0,0,0,0
15,793,-1,0.003844685856729168,0.09542096780015487,0,1,0,0,0,0,0,0,0,0,0,0,0,0,0,0
15,415,1,0.15400741534818407,0.07026257717603186,7,0,2,0,5,2,0,0,0,0,0,0,0,0,0,0
15,36,1,0.04104020920483722,0.03912324853316068,5,0,1,1,11,0,1,0,0,0,0,0,0,0,0,0
